299,40122,1
300,40123,1
307,40130,1
308,40131,1
309,40132,1
325,40172,1
327,40174,1
329,40176,1
330,40177,1
332,40179,1
333,40180,1
334,40181,1
335,40182,1
336,40183,1
337,40184,1
338,40185,1
339,40186,1
341,40188,1
344,40191,1
345,40192,1
346,40193,1
347,40194,1
348,40195,1
351,40198,1
352,40199,1
354,40201,1
360,40207,1
361,40208,1
371,40218,1
374,40221,1
376,40223,1
377,40224,1
380,40227,1
382,40229,1
394,40240,1
398,40244,1
399,40245,1
400,40246,1
401,40247,1
403,40249,1
405,40251,1
406,40252,1
407,40253,1
408,40263,1
412,40258,1
414,40260,1
416,40270,1
417,40271,1
419,40273,1
424,40278,1
428,40282,1
433,40287,1
436,40290,1
437,40291,1
438,40292,1
440,40294,1
442,40296,1
443,40297,1
444,40298,1
445,40299,1
448,40302,1
450,40304,1
452,40306,1
457,40311,1
459,40313,1
462,40315,1
464,40317,1
465,40318,1
472,40325,1
473,40326,1
474,40327,1
476,40329,1
477,40330,1
479,40332,1
480,40333,1
482,40335,1
483,40336,1
484,40337,1
488,40342,1
499,40354,1
506,40360,1
507,40361,1
509,40363,1
511,40365,1
512,40366,1
515,40369,1
517,40371,1
518,40372,1
522,40374,1
525,40377,1
526,40378,1
529,40381,1
530,40382,1
531,40383,1
534,40386,1
535,40387,1
537,40389,1
538,40390,1
539,40391,1
540,40392,1
541,40393,1
542,40394,1
543,40395,1
544,40396,1
545,40397,1
546,40398,1
547,40399,1
548,40400,1
549,40401,1
550,40402,1
551,40403,1
554,40406,1
555,40407,1
556,40408,1
557,40409,1
559,40411,1
560,40412,1
561,40413,1
562,40414,1
563,40415,1
565,40417,1
566,40418,1
570,40422,1
571,40423,1
574,40426,1
575,40427,1
577,40429,1
579,40431,1
580,40432,1
581,40433,1
584,40436,1
585,40437,1
589,40439,1
592,40442,1
593,40443,1
599,40449,1
602,40452,1
604,40454,1
605,40455,1
607,40457,1
619,40463,1
620,40464,1
621,40465,1
626,40470,1
628,40472,1
630,40474,1
631,40475,1
632,40476,1
633,40477,1
636,40480,1
637,40481,1
640,40484,1
641,40485,1
642,40486,1
648,40492,1
649,40493,1
650,40494,1
651,40495,1
652,40496,1
654,40498,1
655,40499,1
656,40500,1
658,40502,1
659,40503,1
660,40504,1
663,40507,1
664,40508,1
668,40510,1
670,40512,1
671,40513,1
672,40514,1
673,40515,1
674,40516,1
675,40517,1
677,40519,1
678,40520,1
679,40521,1
681,40523,1
684,40526,1
689,40531,1
690,40532,1
692,40534,1
693,40535,1
695,40537,1
697,40539,1
698,40540,1
699,40541,1
700,40542,1
712,40563,1
715,40567,1
716,40568,1
717,40569,1
718,40570,1
725,40576,1
730,40582,1
733,40585,1
737,40587,1
741,40591,1
744,40589,1
747,40590,1
749,40594,1
751,40595,1
756,40600,1
757,40601,1
758,40602,1
759,40603,1
761,40604,1
765,40608,1
767,40610,1
770,40613,1
775,40623,1
776,40624,1
777,40625,1
778,40626,1
779,40627,1
780,40628,1
781,40629,1
782,40630,1
783,40631,1
784,40632,1
785,40633,1
787,40635,1
789,40637,1
790,40638,1
794,40640,1
795,40641,1
796,40642,1
798,40644,1
802,40645,1
803,40646,1
804,40648,1
805,40649,1
807,40651,1
817,40661,1
821,40663,1
823,40665,1
824,40666,1
826,40668,1
827,40669,1
828,40670,1
831,40673,1
833,40675,1
834,40676,1
835,40677,1
836,40678,1
838,40680,1
839,40681,1
840,40682,1
841,40683,1
842,40684,1
843,40686,1
845,40688,1
853,40692,1
854,40693,1
855,40694,1
856,40695,1
857,40696,1
859,40698,1
860,40699,1
861,40700,1
863,40702,1
864,40703,1
865,40705,1
866,40706,1
868,40708,1
873,40713,1
874,40714,1
875,40715,1
876,40716,1
877,40717,1
879,40719,1
881,40721,1
885,40725,1
888,40728,1
890,40730,1
891,40731,1
892,40732,1
896,40733,1
908,40737,1
910,40739,1
912,40741,1
913,40742,1
915,40744,1
921,40753,1
922,40754,1
923,40755,1
924,40756,1
925,40757,1
926,40758,1
927,40759,1
928,40760,1
929,40761,1
930,40762,1
931,40763,1
932,40764,1
938,40770,1
940,40772,1
942,40774,1
943,40775,1
944,40776,1
945,40777,1
946,40778,1
947,40779,1
948,40780,1
949,40781,1
952,40784,1
953,40785,1
954,40786,1
955,40787,1
956,40788,1
957,40789,1
958,40790,1
959,40791,1
961,40793,1
964,40796,1
966,40797,1
967,40798,1
968,40799,1
969,40800,1
970,40801,1
971,40802,1
973,40804,1
974,40805,1
975,40806,1
976,40807,1
977,40808,1
978,40809,1
980,40811,1
982,40813,1
983,40814,1
984,40815,1
985,40816,1
987,40818,1
989,40820,1
991,40822,1
995,40826,1
999,40830,1
1000,40831,1
1002,40833,1
1004,40835,1
1006,40837,1
1007,40838,1
1008,40839,1
1010,40841,1
1011,40842,1
1012,40843,1
1013,40844,1
1014,40845,1
1015,40846,1
1017,40847,1
1018,40848,1
1020,40850,1
1021,40851,1
1022,40852,1
1025,40854,1
1026,40855,1
1027,40856,1
1029,40857,1
1031,40859,1
1034,40862,1
1035,40863,1
1036,40864,1
1038,40866,1
1040,40868,1
1042,40870,1
1046,40872,1
1048,40874,1
1052,40878,1
1053,40879,1
1055,40881,1
1057,40883,1
1060,40886,1
1062,40888,1
1064,40890,1
1065,40891,1
1066,40892,1
1067,40893,1
1068,40894,1
1069,40895,1
1070,40896,1
1071,40897,1
1073,40899,1
1074,40900,1
1076,40902,1
1077,40903,1
1079,40905,1
1081,40907,1
1083,40909,1
1084,40910,1
1086,40912,1
1094,40920,1
1096,40922,1
1098,40924,1
1099,40925,1
1100,40926,1
1102,40928,1
1107,40930,1
1109,40932,1
1111,40934,1
1113,40936,1
1115,40938,1
1117,40939,1
1118,40940,1
1120,40942,1
1121,40943,1
1122,40944,1
1123,40945,1
1124,40946,1
1127,40947,1
1129,40948,1
1130,40949,1
1131,40950,1
1132,40951,1
1133,40952,1
1134,40953,1
1135,40954,1
1137,40956,1
1138,40957,1
1139,40958,1
1140,40959,1
1142,40961,1
1144,40963,1
1149,40968,1
1151,40970,1
1153,40972,1
1155,40974,1
1156,40975,1
1157,40976,1
1158,40977,1
1159,40978,1
1160,40979,1
1162,40981,1
1164,40983,1
1166,40985,1
1168,40987,1
1170,40989,1
1172,40991,1
1174,40993,1
1175,40994,1
1176,40995,1
1177,40996,1
1178,40997,1
1180,40999,1
1182,41001,1
1183,41002,1
1184,41003,1
1186,41005,1
1189,41008,1
1190,41009,1
1191,41010,1
1196,41015,1
1200,41017,1
1201,41018,1
1202,41019,1
1203,41020,1
1204,41021,1
1205,41022,1
1206,41023,1
1211,41026,1
1212,41027,1
1213,41028,1
1214,41029,1
1215,41030,1
1216,41031,1
1221,41034,1
1222,41035,1
1223,41036,1
1225,41038,1
1226,41039,1
1227,41040,1
1228,41041,1
1229,41042,1
1230,41043,1
1231,41044,1
1232,41045,1
1233,41046,1
1234,41047,1
1235,41048,1
1236,41049,1
1240,41051,1
1242,41053,1
1244,41055,1
1246,41057,1
1248,41059,1
1250,41061,1
1252,41063,1
1254,41065,1
1256,41067,1
1258,41069,1
1260,41071,1
1262,41073,1
1264,41075,1
1266,41077,1
1268,41079,1
1270,41081,1
1271,41082,1
1272,41083,1
1273,41084,1
1275,41086,1
1276,41087,1
1278,41089,1
1279,41090,1
1280,41091,1
1282,41093,1
1283,41094,1
1284,41095,1
1285,41096,1
1286,41097,1
1287,41098,1
1289,41100,1
1290,41101,1
1291,41102,1
1292,41103,1
1293,41104,1
1294,41105,1
1295,41106,1
1296,41107,1
1298,41109,1
1300,41111,1
1302,41113,1
1304,41115,1
1306,41117,1
1307,41118,1
1308,41119,1
1310,41121,1
1312,41123,1
1313,41124,1
1314,41125,1
1315,41126,1
1317,41128,1
1319,41130,1
1321,41132,1
1324,41135,1
1331,41142,1
1333,41144,1
1340,41151,1
1342,41153,1
1343,41154,1
1344,41155,1
1345,41156,1
1346,41157,1
1347,41158,1
1349,41160,1
1351,41162,1
1354,41165,1
1356,41167,1
1357,41168,1
1358,41169,1
1360,41171,1
1361,41172,1
1362,41173,1
1363,41174,1
1364,41175,1
1365,41176,1
1366,41177,1
1367,41178,1
1368,41179,1
1370,41181,1
1373,41185,1
1374,41186,1
1375,41187,1
1377,41189,1
1382,41194,1
1383,41195,1
1384,41196,1
1385,41197,1
1386,41198,1
1387,41199,1
1390,41202,1
1391,41203,1
1392,41204,1
1393,41205,1
1394,41206,1
1396,41208,1
1399,41211,1
1400,41212,1
1404,41216,1
1406,41218,1
1407,41219,1
1408,41220,1
1409,41221,1
1410,41222,1
1411,41223,1
1412,41224,1
1413,41225,1
1414,41226,1
1415,41227,1
1416,41228,1
1417,41229,1
1418,41230,1
1419,41231,1
1420,41232,1
1421,41233,1
1422,41234,1
1423,41235,1
1424,41236,1
1425,41237,1
1426,41238,1
1429,41241,1
1431,41243,1
1432,41244,1
1433,41245,1
1434,41246,1
1435,41247,1
1436,41248,1
1437,41249,1
1438,41250,1
1439,41251,1
1441,41253,1
1443,41255,1
1444,41256,1
1445,41257,1
1446,41258,1
1447,41259,1
1449,41261,1
1453,41265,1
1454,41266,1
1455,41267,1
1456,41268,1
1457,41269,1
1459,41271,1
1461,41273,1
1463,41275,1
1466,41278,1
1467,41279,1
1468,41280,1
1469,41281,1
1470,41282,1
1471,41283,1
1472,41284,1
1473,41285,1
1474,41286,1
1476,41288,1
1477,41289,1
1478,41290,1
1479,41291,1
1480,41292,1
1481,41293,1
1482,41294,1
1484,41296,1
1486,41298,1
1488,41300,1
1489,41301,1
1490,41302,1
1492,41304,1
1494,41306,1
1495,41307,1
1496,41308,1
1497,41309,1
1498,41310,1
1499,41311,1
1501,41313,1
1503,41315,1
1505,41317,1
1508,41320,1
1510,41322,1
1511,41323,1
1513,41325,1
1515,41327,1
1516,41328,1
1517,41329,1
1518,41330,1
1519,41331,1
1520,41332,1
1521,41333,1
1522,41334,1
1523,41335,1
1525,41337,1
1526,41338,1
1527,41339,1
1530,41342,1
1531,41343,1
1534,41346,1
1535,41347,1
1536,41348,1
1540,41352,1
1541,41353,1
1542,41354,1
1543,41355,1
1544,41356,1
1546,41358,1
1548,41360,1
1549,41361,1
1553,41364,1
1555,41366,1
1556,41367,1
1557,41368,1
1559,41370,1
1560,41371,1
1561,41372,1
1562,41373,1
1564,41375,1
1566,41377,1
1568,41379,1
1569,41380,1
1571,41382,1
1572,41383,1
1573,41384,1
1575,41386,1
1576,41387,1
1577,41388,1
1578,41389,1
1580,41391,1
1581,41392,1
1582,41393,1
1583,41394,1
1585,41396,1
1587,41398,1
1592,41403,1
1593,41404,1
1594,41405,1
1595,41406,1
1596,41407,1
1599,41410,1
1600,41411,1
1601,41412,1
1602,41413,1
1604,41414,1
1606,41416,1
1608,41418,1
1610,41420,1
1612,41422,1
1614,41424,1
1615,41425,1
1616,41426,1
1618,41428,1
1619,41429,1
1621,41431,1
1622,41432,1
1623,41433,1
1624,41434,1
1625,41435,1
1626,41436,1
1627,41437,1
1628,41438,1
1629,41439,1
1630,41440,1
1632,41442,1
1633,41443,1
1634,41444,1
1635,41445,1
1636,41446,1
1638,41448,1
1639,41449,1
1641,41451,1
1648,41458,1
1650,41460,1
1651,41461,1
1654,41464,1
1655,41465,1
1656,41466,1
1657,41467,1
1658,41468,1
1660,41470,1
1661,41471,1
1664,41474,1
1666,41476,1
1669,41479,1
1671,41481,1
1672,41482,1
1673,41483,1
1674,41484,1
1675,41485,1
1676,41486,1
1677,41487,1
1678,41488,1
1679,41489,1
1680,41490,1
1684,41492,1
1685,41493,1
1687,41495,1
1688,41496,1
1689,41497,1
1690,41498,1
1694,41500,1
1695,41501,1
1696,41502,1
1698,41504,1
1699,41505,1
1700,41506,1
1704,41508,1
1706,41510,1
1708,41512,1
1710,41514,1
1711,41515,1
1712,41516,1
1713,41517,1
1714,41518,1
1715,41519,1
1717,41521,1
1719,41523,1
1720,41524,1
1721,41525,1
1722,41526,1
1724,41528,1
1726,41530,1
1727,41531,1
1728,41532,1
1729,41533,1
1731,41535,1
1733,41537,1
1735,41539,1
1736,41540,1
1737,41541,1
1738,41542,1
1740,41544,1
1742,41546,1
1743,41547,1
1744,41548,1
1745,41549,1
1747,41551,1
1748,41552,1
1749,41553,1
1750,41554,1
1751,41555,1
1752,41556,1
1753,41557,1
1754,41558,1
1755,41559,1
1756,41560,1
1757,41561,1
1759,41563,1
1760,41564,1
1762,41566,1
1763,41567,1
1765,41569,1
1766,41570,1
1767,41571,1
1768,41572,1
1769,41573,1
1771,41575,1
1774,41578,1
1778,41585,1
1780,41586,1
1781,41587,1
1782,41588,1
1783,41589,1
1785,41591,1
1788,41594,1
1789,41595,1
1791,41597,1
1792,41598,1
1793,41599,1
1795,41601,1
1796,41602,1
1798,41604,1
1802,41608,1
1803,41609,1
1804,41610,1
1805,41611,1
1806,41612,1
1809,41613,1
1811,41615,1
1812,41616,1
1813,41617,1
1814,41618,1
1816,41620,1
1821,41625,1
1822,41626,1
1824,41628,1
1825,41629,1
1826,41630,1
1827,41631,1
1829,41633,1
1833,41637,1
1834,41638,1
1838,41642,1
1839,41643,1
1845,41649,1
1849,41653,1
1854,41658,1
1856,41660,1
1859,41663,1
1868,41672,1
1870,41674,1
1874,41678,1
1876,41680,1
1884,41688,1
1886,41690,1
1890,41694,1
1891,41695,1
1892,41696,1
1893,41697,1
1894,41698,1
1896,41700,1
1899,41703,1
1900,41704,1
1901,41705,1
1902,41706,1
1903,41707,1
1905,41709,1
1907,41711,1
1908,41712,1
1919,41723,1
1920,41724,1
1921,41725,1
1922,41726,1
1924,41728,1
1926,41730,1
1928,41732,1
1930,41734,1
1932,41736,1
1935,41739,1
1937,41741,1
1940,41744,1
1942,41746,1
1945,41749,1
1946,41750,1
1947,41751,1
1950,41754,1
1951,41755,1
1953,41757,1
1956,41760,1
1957,41761,1
1964,41767,1
1971,41774,1
1975,41776,1
1976,41777,1
1977,41778,1
1978,41779,1
1979,41780,1
1980,41781,1
1987,41787,1
1989,41789,1
1990,41790,1
1992,41792,1
1994,41794,1
1996,41796,1
1998,41798,1
2000,41800,1
2001,41801,1
2003,41803,1
2004,41804,1
2007,41807,1
2009,41809,1
2010,41810,1
2011,41811,1
2013,41813,1
2014,41814,1
2015,41815,1
2017,41817,1
2019,41819,1
2020,41820,1
2021,41821,1
2022,41822,1
2023,41823,1
2026,41826,1
2027,41827,1
2028,41828,1
2032,41832,1
2034,41834,1
2036,41836,1
2037,41837,1
2041,41839,1
2044,41842,1
2046,41844,1
2048,41846,1
2049,41847,1
2050,41848,1
2051,41849,1
2052,41850,1
2053,41851,1
2054,41852,1
2056,41854,1
2057,41855,1
2058,41856,1
2059,41857,1
2060,41858,1
2061,41859,1
2062,41860,1
2063,41861,1
2067,41865,1
2068,41866,1
2069,41867,1
2070,41868,1
2071,41869,1
2074,41872,1
2075,41873,1
2076,41874,1
2077,41875,1
2079,41877,1
2081,41879,1
2083,41881,1
2084,41882,1
2088,41886,1
2089,41887,1
2097,41895,1
2102,41900,1
2107,41905,1
2110,41908,1
2111,41909,1
2112,41910,1
2113,41911,1
2114,41912,1
2118,41916,1
2120,41918,1
2121,41919,1
2122,41920,1
2123,41921,1
2124,41922,1
2129,41927,1
2130,41928,1
2131,41929,1
2132,41930,1
2133,41931,1
2134,41932,1
2135,41933,1
2136,41934,1
2137,41935,1
2138,41936,1
2139,41937,1
2140,41938,1
2141,41939,1
2142,41940,1
2143,41941,1
2144,41942,1
2146,41944,1
2147,41945,1
2148,41946,1
2149,41947,1
2153,41951,1
2154,41952,1
2155,41953,1
2156,41954,1
2157,41955,1
2158,41956,1
2161,41959,1
2162,41960,1
2164,41962,1
2165,41963,1
2167,41965,1
2170,41968,1
2171,41969,1
2172,41970,1
2174,41972,1
2175,41973,1
2176,41974,1
2177,41975,1
2182,41980,1
2185,41983,1
2187,41985,1
2188,41986,1
2189,41987,1
2190,41988,1
2191,41989,1
2192,41990,1
2194,41992,1
2195,41993,1
2196,41994,1
2197,41995,1
2198,41996,1
2203,41999,1
2204,42000,1
2205,42001,1
2207,42003,1
2208,42004,1
2212,42008,1
2213,42009,1
2214,42010,1
2215,42011,1
2216,42012,1
2218,42014,1
2222,42018,1
2224,42020,1
2226,42022,1
2227,42023,1
2228,42024,1
2229,42025,1
2231,42027,1
2235,42031,1
2242,42038,1
2243,42039,1
2244,42040,1
2245,42041,1
2246,42042,1
2247,42043,1
2248,42044,1
2249,42045,1
2250,42046,1
2251,42047,1
2252,42048,1
2259,42055,1
2260,42056,1
2261,42057,1
2262,42058,1
2263,42059,1
2264,42060,1
2265,42061,1
2267,42063,1
2268,42064,1
2269,42065,1
2271,42067,1
2272,42068,1
2273,42069,1
2275,42071,1
2276,42072,1
2277,42073,1
2282,42076,1
2283,42077,1
2284,42078,1
2288,42080,1
2289,42081,1
2293,42085,1
2294,42086,1
2295,42087,1
2296,42088,1
2297,42089,1
2299,42091,1
2301,42093,1
2302,42094,1
2303,42095,1
2304,42096,1
2305,42097,1
2306,42098,1
2307,42099,1
2308,42100,1
2309,42101,1
2310,42102,1
2311,42103,1
2312,42104,1
2313,42105,1
2317,42107,1
2319,42109,1
2320,42110,1
2321,42111,1
2323,42113,1
2324,42114,1
2326,42116,1
2327,42117,1
2328,42118,1
2330,42120,1
2331,42121,1
2332,42122,1
2333,42123,1
2336,42126,1
2337,42127,1
2339,42129,1
2343,42131,1
2345,42133,1
2349,42135,1
2351,42137,1
2353,42139,1
2354,42140,1
2355,42141,1
2357,42143,1
2358,42144,1
2359,42145,1
2360,42146,1
2362,42148,1
2364,42150,1
2365,42151,1
2367,42153,1
2368,42154,1
2369,42155,1
2370,42156,1
2371,42157,1
2373,42159,1
2375,42161,1
2376,42162,1
2377,42163,1
2379,42165,1
2381,42167,1
2383,42169,1
2384,42170,1
2387,42173,1
2389,42175,1
2390,42176,1
2391,42177,1
2392,42178,1
2393,42179,1
2394,42180,1
2396,42182,1
2402,42188,1
2404,42190,1
2406,42192,1
2407,42193,1
2409,42195,1
2413,42201,1
2425,42211,1
2426,42212,1
2427,42213,1
2430,42216,1
2433,42219,1
2434,42220,1
2438,42222,1
2440,42224,1
2448,42232,1
2449,42233,1
2450,42234,1
2452,42236,1
2453,42237,1
2454,42238,1
2455,42239,1
2456,42240,1
2457,42241,1
2458,42242,1
2459,42243,1
2460,42244,1
2461,42245,1
2462,42246,1
2463,42247,1
2465,42249,1
2468,42252,1
2470,42254,1
2473,42257,1
2475,42259,1
2477,42261,1
2484,42268,1
2486,42270,1
2488,42272,1
2489,42273,1
2492,42276,1
2493,42277,1
2495,42279,1
2496,42280,1
2499,42283,1
2503,42285,1
2505,42287,1
2507,42289,1
2509,42291,1
2512,42294,1
2513,42295,1
2514,42296,1
2515,42297,1
2518,42300,1
2519,42301,1
2520,42302,1
2521,42303,1
2524,42306,1
2525,42307,1
2526,42308,1
2527,42309,1
2529,42311,1
2530,42312,1
2532,42314,1
2533,42315,1
2534,42316,1
2537,42319,1
2538,42320,1
2539,42321,1
2540,42322,1
2541,42323,1
2542,42324,1
2543,42325,1
2544,42326,1
2545,42327,1
2546,42328,1
2547,42329,1
2548,42330,1
2551,42331,1
2556,42336,1
2557,42337,1
2559,42339,1
2564,42344,1
2565,42345,1
2567,42347,1
2575,42355,1
2577,42357,1
2579,42359,1
2580,42360,1
2582,42362,1
2584,42364,1
2586,42366,1
2587,42367,1
2588,42368,1
2589,42369,1
2591,42371,1
2592,42372,1
2593,42373,1
2594,42374,1
2596,42376,1
2597,42377,1
2598,42378,1
2599,42379,1
2601,42381,1
2602,42382,1
2603,42383,1
2604,42384,1
2606,42386,1
2607,42387,1
2608,42388,1
2609,42389,1
2611,42391,1
2613,42394,1
2615,42396,1
2616,42397,1
2617,42398,1
2619,42400,1
2620,42401,1
2621,42402,1
2622,42403,1
2623,42404,1
2624,42405,1
2625,42406,1
2626,42407,1
2629,42410,1
2631,42412,1
2633,42414,1
2634,42415,1
2635,42416,1
2636,42417,1
2638,42419,1
2639,42420,1
2643,42424,1
2644,42425,1
2646,42427,1
2650,42429,1
2652,42431,1
2654,42433,1
2655,42434,1
2661,42440,1
2669,42448,1
2670,42449,1
2671,42450,1
2675,42452,1
2677,42454,1
2679,42456,1
2680,42457,1
2682,42459,1
2683,42460,1
2685,42462,1
2687,42464,1
2689,42466,1
2694,42471,1
2695,42472,1
2696,42473,1
2697,42474,1
2701,42478,1
2703,42480,1
2705,42482,1
2706,42483,1
2707,42484,1
2708,42485,1
2709,42486,1
2710,42487,1
2711,42488,1
2714,42489,1
2718,42493,1
2720,42495,1
2722,42497,1
2724,42499,1
2726,42501,1
2727,42502,1
2728,42503,1
2729,42504,1
2730,42505,1
2731,42506,1
2732,42507,1
2736,42511,1
2737,42512,1
2738,42513,1
2740,42515,1
2744,42517,1
2745,42518,1
2749,42522,1
2750,42523,1
2751,42524,1
2752,42525,1
2756,42527,1
2757,42528,1
2758,42529,1
2760,42531,1
2761,42532,1
2762,42533,1
2763,42534,1
2764,42535,1
2765,42536,1
2766,42537,1
2767,42538,1
2768,42539,1
2769,42540,1
2770,42541,1
2771,42542,1
2772,42543,1
2773,42544,1
2774,42545,1
2776,42547,1
2777,42548,1
2778,42549,1
2779,42550,1
2780,42551,1
2781,42552,1
2782,42553,1
2783,42554,1
2787,42556,1
2788,42557,1
2789,42558,1
2798,42567,1
2799,42568,1
2800,42569,1
2801,42570,1
2802,42571,1
2804,42573,1
2808,42577,1
2811,42580,1
2812,42581,1
2817,42586,1
2823,42592,1
2824,42593,1
2826,42595,1
2827,42596,1
2828,42597,1
2829,42598,1
2832,42601,1
2834,42603,1
2835,42604,1
2837,42606,1
2839,42608,1
2842,42609,1
2843,42610,1
2844,42611,1
2845,42612,1
2846,42613,1
2847,42614,1
2849,42616,1
2850,42617,1
2851,42618,1
2855,42622,1
2856,42623,1
2857,42624,1
2859,42626,1
2863,42630,1
2864,42631,1
2865,42632,1
2866,42633,1
2867,42634,1
2868,42635,1
2869,42636,1
2871,42638,1
2872,42639,1
2873,42640,1
2874,42641,1
2875,42642,1
2880,42647,1
2881,42648,1
2883,42650,1
2885,42652,1
2886,42653,1
2887,42654,1
2888,42655,1
2892,42657,1
2893,42658,1
2894,42659,1
2896,42661,1
2897,42662,1
2898,42663,1
2900,42665,1
2901,42666,1
2903,42668,1
2905,42670,1
2906,42671,1
2907,42672,1
2908,42673,1
2909,42674,1
2911,42676,1
2912,42677,1
2921,42682,1
2925,42683,1
2928,42686,1
2929,42687,1
2933,42689,1
2934,42690,1
2937,42693,1
2938,42694,1
2939,42695,1
2940,42696,1
2941,42697,1
2942,42698,1
2943,42699,1
2944,42700,1
2946,42702,1
2948,42704,1
2949,42705,1
2953,42707,1
2954,42708,1
2955,42709,1
2956,42710,1
2957,42711,1
2958,42712,1
2959,42713,1
2961,42715,1
2968,42722,1
2969,42723,1
2970,42724,1
2971,42725,1
2972,42726,1
2976,42728,1
2977,42729,1
2978,42730,1
2980,42732,1
2981,42733,1
2983,42735,1
2994,42746,1
2998,42750,1
3000,42752,1
3002,42754,1
3004,42756,1
3006,42758,1
3007,42759,1
3008,42760,1
3010,42762,1
3011,42763,1
3012,42764,1
3013,42765,1
3015,42767,1
3020,42770,1
3025,42773,1
3026,42774,1
3027,42775,1
3028,42776,1
3029,42777,1
3030,42778,1
3032,42780,1
3033,42781,1
3035,42783,1
3037,42785,1
3042,42789,1
3043,42790,1
3045,42792,1
3046,42793,1
3047,42794,1
3049,42796,1
3051,42798,1
3052,42799,1
3053,42800,1
3054,42801,1
3055,42802,1
3056,42803,1
3057,42804,1
3058,42805,1
3059,42806,1
3060,42807,1
3061,42808,1
3062,42809,1
3063,42810,1
3064,42811,1
3065,42812,1
3067,42814,1
3071,42818,1
3073,42820,1
3076,42823,1
3080,42826,1
3082,42828,1
3084,42830,1
3087,42833,1
3089,42835,1
3090,42836,1
3092,42838,1
3094,42840,1
3095,42841,1
3097,42843,1
3101,42847,1
3102,42848,1
3103,42849,1
3112,42858,1
3113,42859,1
3114,42860,1
3115,42861,1
3116,42862,1
3117,42863,1
3118,42864,1
3120,42866,1
3122,42868,1
3126,42872,1
3129,42875,1
3130,42876,1
3138,42884,1
3139,42885,1
3140,42886,1
3141,42887,1
3142,42888,1
3152,42898,1
3153,42899,1
3154,42900,1
3155,42901,1
3156,42902,1
3157,42903,1
3158,42904,1
3159,42905,1
3160,42906,1
3162,42908,1
3163,42909,1
3164,42910,1
3165,42911,1
3169,42913,1
3170,42914,1
3171,42915,1
3172,42916,1
3173,42917,1
3174,42918,1
3175,42919,1
3176,42920,1
3177,42921,1
3178,42922,1
3179,42923,1
3180,42924,1
3181,42925,1
3182,42927,1
3183,42928,1
3184,42929,1
3186,42931,1
3187,42932,1
3188,42933,1
3189,42934,1
3190,42935,1
3191,42936,1
3192,42937,1
3193,42938,1
3194,42939,1
3195,42940,1
3196,42941,1
3197,42942,1
3198,42943,1
3199,42944,1
3200,42945,1
3201,42946,1
3202,42947,1
3203,42948,1
3204,42949,1
3205,42950,1
3206,42951,1
3208,42953,1
3209,42954,1
3210,42955,1
3213,42958,1
3214,42959,1
3215,42960,1
3216,42961,1
3217,42962,1
3218,42963,1
3219,42964,1
3220,42965,1
3221,42966,1
3222,42967,1
3223,42968,1
3224,42969,1
3225,42970,1
3226,42971,1
3227,42972,1
3228,42973,1
3229,42974,1
3230,42975,1
3231,42976,1
3232,42977,1
3236,42981,1
3237,42982,1
3239,42984,1
3241,42986,1
3242,42987,1
3246,42991,1
3247,42992,1
3248,42993,1
3249,42994,1
3251,42996,1
3252,42997,1
3256,43001,1
3258,43008,1
3260,43010,1
3263,43013,1
3265,43015,1
3266,43016,1
3268,43018,1
3270,43020,1
3272,43022,1
3273,43023,1
3274,43024,1
3276,43026,1
3277,43027,1
3278,43028,1
3282,43030,1
3284,43032,1
3285,43033,1
3288,43036,1
3289,43037,1
3290,43038,1
3292,43040,1
3294,43042,1
3298,43046,1
3299,43047,1
3303,43051,1
3305,43053,1
3307,43055,1
3308,43056,1
3309,43057,1
3310,43058,1
3311,43059,1
3313,43061,1
3314,43062,1
3315,43063,1
3316,43064,1
3317,43065,1
3318,43066,1
3319,43067,1
3321,43069,1
3328,43076,1
3330,43078,1
3332,43080,1
3341,43089,1
3343,43091,1
3344,43092,1
3345,43093,1
3346,43094,1
3347,43095,1
3348,43096,1
3349,43097,1
3350,43098,1
3352,43100,1
3353,43101,1
3354,43102,1
3355,43103,1
3356,43104,1
3359,43107,1
3360,43108,1
3361,43109,1
3362,43110,1
3364,43112,1
3365,43113,1
3366,43114,1
3367,43115,1
3371,43117,1
3372,43118,1
3373,43119,1
3374,43120,1
3375,43121,1
3376,43122,1
3378,43124,1
3379,43125,1
3383,43129,1
3384,43130,1
3385,43131,1
3386,43132,1
3387,43133,1
3396,43142,1
3398,43144,1
3404,43150,1
3414,43160,1
3415,43161,1
3416,43162,1
3420,43166,1
3426,43172,1
3433,43179,1
3434,43180,1
3438,43184,1
3442,43188,1
3443,43189,1
3444,43190,1
3451,43197,1
3452,43198,1
3455,43201,1
3458,43204,1
3459,43205,1
3460,43206,1
3465,43211,1
3473,43219,1
3477,43223,1
3483,43229,1
3485,43231,1
3487,43233,1
3488,43234,1
3490,43236,1
3492,43238,1
3494,43240,1
3495,43241,1
3498,43244,1
3499,43245,1
3500,43246,1
3501,43247,1
3502,43248,1
3505,43251,1
3506,43252,1
3514,43260,1
3517,43263,1
3522,43268,1
3529,43275,1
3530,43276,1
3531,43277,1
3532,43278,1
3533,43279,1
3535,43281,1
3538,43284,1
3539,43285,1
3540,43286,1
3541,43287,1
3542,43288,1
3544,43290,1
3545,43291,1
3549,43295,1
3558,43304,1
3560,43306,1
3568,43314,1
3570,43316,1
3572,43318,1
3579,43325,1
3583,43329,1
3584,43330,1
3585,43331,1
3587,43333,1
3588,43334,1
3592,43338,1
3593,43339,1
3594,43340,1
3596,43342,1
3603,43349,1
3609,43355,1
3610,43356,1
3611,43357,1
3614,43360,1
3617,43363,1
3618,43364,1
3619,43365,1
3620,43366,1
3621,43367,1
3623,43369,1
3625,43371,1
3626,43372,1
3627,43373,1
3628,43374,1
3629,43375,1
3630,43376,1
3631,43377,1
3633,43379,1
3634,43380,1
3635,43381,1
3637,43383,1
3639,43386,1
3642,43389,1
3645,43392,1
3646,43393,1
3647,43394,1
3648,43395,1
3649,43396,1
3653,43400,1
3655,43402,1
3656,43403,1
3657,43404,1
3659,43406,1
3663,43410,1
3668,43415,1
3669,43416,1
3675,43422,1
3682,43428,1
3685,43431,1
3688,43434,1
3690,43436,1
3692,43438,1
3693,43439,1
3694,43440,1
3695,43441,1
3706,43452,1
3716,43462,1
3719,43463,1
3721,43465,1
3722,43466,1
3724,43468,1
3733,43477,1
3735,43479,1
3736,43480,1
3737,43481,1
3741,43483,1
3742,43484,1
3744,43486,1
3746,43488,1
3747,43489,1
3748,43490,1
3749,43491,1
3751,43493,1
3754,43496,1
3755,43497,1
3759,43501,1
3760,43502,1
3761,43503,1
3762,43504,1
3763,43505,1
3764,43506,1
3765,43507,1
3766,43508,1
3768,43510,1
3769,43511,1
3770,43512,1
3771,43513,1
3777,43519,1
3779,43521,1
3780,43522,1
3781,43523,1
3782,43524,1
3783,43525,1
3784,43526,1
3785,43527,1
3789,43529,1
3790,43530,1
3791,43531,1
3807,43533,1
3813,43539,1
3814,43540,1
3815,43541,1
3816,43542,1
3820,43544,1
3823,43547,1
3825,43549,1
3826,43550,1
3827,43551,1
3828,43552,1
3829,43553,1
3832,43556,1
3833,43557,1
3834,43558,1
3835,43559,1
3837,43561,1
3838,43562,1
3839,43563,1
3840,43564,1
3841,43565,1
3842,43566,1
3844,43568,1
3849,43571,1
3851,43573,1
3856,43578,1
3857,43579,1
3859,43581,1
3860,43582,1
3861,43583,1
3864,43586,1
3871,43593,1
3872,43594,1
3875,43597,1
3876,43598,1
3877,43599,1
3879,43601,1
3881,43603,1
3882,43604,1
3884,43606,1
3885,43607,1
3887,43609,1
3899,43621,1
3902,43622,1
3904,43624,1
3909,43627,1
3911,43629,1
3915,43631,1
3917,43633,1
3918,43634,1
3919,43635,1
3920,43636,1
3925,43641,1
3927,43643,1
3928,43644,1
3929,43645,1
3930,43646,1
3932,43648,1
3934,43650,1
3939,43653,1
3940,43654,1
3941,43655,1
3942,43656,1
3946,43658,1
3947,43659,1
3948,43660,1
3949,43661,1
3950,43662,1
3951,43663,1
3953,43665,1
3954,43666,1
3955,43667,1
3956,43668,1
3957,43669,1
3958,43670,1
3962,43674,1
3963,43676,1
3964,43677,1
3965,43678,1
3966,43679,1
3967,43680,1
3968,43681,1
3972,43685,1
3973,43686,1
3974,43687,1
3975,43688,1
3976,43689,1
3980,43693,1
3981,43694,1
3982,43695,1
3983,43696,1
3984,43697,1
3985,43698,1
3987,43700,1
3988,43701,1
3989,43702,1
3990,43703,1
3998,43711,1
4002,43715,1
4005,43718,1
4007,43720,1
4011,43724,1
4012,43725,1
4013,43726,1
4019,43732,1
4024,43737,1
4025,43738,1
4029,43742,1
4030,43743,1
4031,43744,1
4035,43748,1
4036,43749,1
4037,43750,1
4040,43753,1
4041,43754,1
4045,43758,1
4050,43763,1
4051,43764,1
4052,43765,1
4053,43766,1
4054,43767,1
4055,43768,1
4056,43769,1
4058,43771,1
4059,43772,1
4060,43773,1
4061,43774,1
4062,43775,1
4063,43776,1
4064,43777,1
4065,43778,1
4068,43781,1
4069,43782,1
4070,43783,1
4071,43784,1
4072,43785,1
4073,43786,1
4074,43787,1
4075,43788,1
4076,43789,1
4077,43790,1
4079,43792,1
4082,43795,1
4083,43796,1
4086,43799,1
4088,43801,1
4090,43803,1
4094,43807,1
4095,43808,1
4096,43809,1
4097,43810,1
4098,43811,1
4099,43812,1
4100,43813,1
4101,43814,1
4102,43815,1
4103,43816,1
4107,43823,1
4109,43824,1
4110,43825,1
4114,43833,1
4117,43834,1
4118,43835,1
4119,43836,1
4120,43837,1
4123,43840,1
4124,43841,1
4125,43842,1
4126,43843,1
4127,43844,1
4128,43845,1
4129,43846,1
4130,43847,1
4133,43850,1
4135,43852,1
4137,43854,1
4139,43856,1
4142,43859,1
4144,43861,1
4145,43862,1
4147,43864,1
4148,43865,1
4150,43867,1
4151,43868,1
4152,43869,1
4153,43870,1
4154,43871,1
4157,43872,1
4158,43873,1
4159,43874,1
4160,43875,1
4163,43878,1
4164,43879,1
4165,43880,1
4166,43881,1
4167,43882,1
4168,43883,1
4171,43886,1
4172,43887,1
4175,43890,1
4176,43891,1
4185,43900,1
4188,43903,1
4189,43904,1
4190,43905,1
4192,43907,1
4194,43909,1
4195,43910,1
4198,43913,1
4199,43914,1
4200,43915,1
4202,43917,1
4203,43918,1
4205,43920,1
4206,43921,1
4207,43922,1
4208,43923,1
4209,43924,1
4210,43925,1
4211,43926,1
4212,43927,1
4213,43928,1
4214,43929,1
4215,43930,1
4216,43931,1
4218,43933,1
4220,43935,1
4221,43936,1
4222,43937,1
4223,43938,1
4224,43939,1
4225,43940,1
4229,43944,1
4230,43945,1
4231,43946,1
4233,43948,1
4237,43950,1
4238,43951,1
4239,43952,1
4240,43953,1
4242,43955,1
4243,43956,1
4244,43957,1
4246,43959,1
4247,43960,1
4248,43961,1
4249,43962,1
4251,43964,1
4252,43965,1
4253,43966,1
4254,43967,1
4255,43968,1
4256,43969,1
4257,43970,1
4258,43971,1
4259,43972,1
4260,43973,1
4261,43974,1
4262,43975,1
4264,43977,1
4272,43985,1
4273,43986,1
4275,43988,1
4276,43989,1
4280,43991,1
4281,43992,1
4282,43993,1
4286,43995,1
4289,43998,1
4291,44000,1
4295,44004,1
4297,44006,1
4300,44009,1
4301,44010,1
4302,44011,1
4303,44012,1
4304,44013,1
4305,44014,1
4306,44015,1
4307,44016,1
4308,44017,1
4309,44018,1
4310,44019,1
4311,44020,1
4312,44021,1
4313,44022,1
4314,44023,1
4315,44024,1
4316,44025,1
4319,44028,1
4320,44029,1
4322,44031,1
4323,44032,1
4324,44033,1
4325,44034,1
4329,44036,1
4330,44037,1
4331,44038,1
4332,44039,1
4333,44040,1
4334,44041,1
4335,44042,1
4337,44044,1
4338,44045,1
4339,44046,1
4343,44048,1
4344,44049,1
4346,44051,1
4347,44052,1
4348,44053,1
4349,44054,1
4355,44060,1
4357,44062,1
4358,44063,1
4360,44065,1
4361,44066,1
4363,44068,1
4364,44069,1
4365,44070,1
4367,44072,1
4369,44074,1
4371,44076,1
4375,44080,1
4376,44081,1
4379,44084,1
4381,44086,1
4382,44087,1
4384,44089,1
4385,44090,1
4386,44091,1
4387,44092,1
4388,44093,1
4389,44094,1
4390,44095,1
4391,44096,1
4392,44097,1
4393,44098,1
4395,44100,1
4397,44102,1
4399,44104,1
4400,44105,1
4402,44107,1
4403,44108,1
4404,44109,1
4405,44110,1
4406,44111,1
4407,44112,1
4408,44113,1
4413,44118,1
4414,44119,1
4417,44122,1
4421,44124,1
4422,44125,1
4423,44126,1
4424,44127,1
4425,44128,1
4427,44130,1
4428,44131,1
4429,44132,1
4430,44133,1
4432,44136,1
4436,44140,1
4438,44142,1
4442,44146,1
4443,44147,1
4444,44148,1
4446,44150,1
4450,44154,1
4451,44155,1
4452,44156,1
4454,44158,1
4455,44159,1
4456,44160,1
4457,44161,1
4462,44166,1
4463,44167,1
4464,44168,1
4465,44169,1
4466,44170,1
4468,44172,1
4469,44173,1
4470,44174,1
4472,44176,1
4476,44178,1
4477,44179,1
4478,44180,1
4479,44181,1
4481,44183,1
4482,44184,1
4483,44185,1
4485,44187,1
4488,44190,1
4489,44191,1
4490,44192,1
4495,44197,1
4498,44200,1
4501,44203,1
4502,44204,1
4506,44208,1
4507,44209,1
4510,44212,1
4511,44213,1
4512,44214,1
4514,44216,1
4515,44217,1
4516,44218,1
4517,44219,1
4518,44220,1
4519,44221,1
4520,44222,1
4524,44224,1
4525,44225,1
4530,44230,1
4531,44231,1
4533,44233,1
4534,44234,1
4535,44235,1
4536,44236,1
4537,44237,1
4538,44238,1
4540,44240,1
4541,44241,1
4543,44243,1
4544,44244,1
4545,44245,1
4549,44249,1
4552,44252,1
4553,44253,1
4554,44254,1
4555,44255,1
4556,44256,1
4558,44258,1
4559,44259,1
4560,44260,1
4562,44262,1
4565,44263,1
4566,44264,1
4567,44265,1
4569,44267,1
4577,44275,1
4578,44276,1
4579,44277,1
4580,44278,1
4581,44279,1
4582,44280,1
4583,44281,1
4584,44282,1
4585,44283,1
4586,44284,1
4587,44285,1
4588,44286,1
4589,44287,1
4590,44288,1
4591,44289,1
4592,44290,1
4593,44291,1
4594,44292,1
4595,44293,1
4596,44294,1
4597,44295,1
4600,44298,1
4601,44299,1
4602,44300,1
4603,44301,1
4604,44302,1
4607,44305,1
4609,44307,1
4623,44321,1
4625,44323,1
4628,44326,1
4629,44327,1
4631,44329,1
4632,44330,1
4633,44331,1
4634,44332,1
4636,44334,1
4638,44336,1
4642,44340,1
4643,44341,1
4644,44342,1
4645,44343,1
4646,44344,1
4647,44345,1
4648,44346,1
4653,44351,1
4655,44353,1
4656,44354,1
4657,44355,1
4658,44356,1
4659,44357,1
4662,44360,1
4663,44361,1
4665,44363,1
4666,44364,1
4669,44367,1
4675,44373,1
4677,44375,1
4678,44376,1
4680,44378,1
4682,44380,1
4683,44381,1
4684,44382,1
4685,44383,1
4687,44385,1
4688,44386,1
4689,44387,1
4690,44388,1
4692,44390,1
4693,44391,1
4694,44392,1
4695,44393,1
4696,44394,1
4697,44395,1
4700,44398,1
4701,44399,1
4702,44400,1
4704,44402,1
4708,44406,1
4716,44414,1
4719,44417,1
4720,44418,1
4721,44419,1
4722,44420,1
4725,44423,1
4726,44424,1
4727,44425,1
4728,44426,1
4730,44428,1
4732,44430,1
4733,44431,1
4737,44435,1
4739,44437,1
4740,44438,1
4741,44439,1
4743,44441,1
4744,44442,1
4746,44444,1
4748,44446,1
4749,44447,1
4750,44448,1
4751,44449,1
4753,44451,1
4754,44452,1
4755,44453,1
4757,44455,1
4758,44456,1
4759,44457,1
4761,44459,1
4762,44460,1
4763,44461,1
4764,44462,1
4772,44470,1
4773,44471,1
4774,44472,1
4775,44473,1
4776,44474,1
4780,44478,1
4782,44480,1
4784,44482,1
4785,44483,1
4786,44484,1
4788,44486,1
4790,44488,1
4792,44490,1
4795,44491,1
4796,44492,1
4797,44493,1
4798,44494,1
4799,44495,1
4800,44496,1
4801,44497,1
4802,44498,1
4803,44499,1
4804,44500,1
4805,44501,1
4806,44502,1
4807,44503,1
4808,44504,1
4809,44505,1
4810,44506,1
4811,44507,1
4812,44508,1
4813,44509,1
4817,44511,1
4818,44513,1
4819,44514,1
4821,44516,1
4822,44517,1
4823,44518,1
4827,44520,1
4828,44521,1
4829,44522,1
4830,44524,1
4831,44525,1
4832,44526,1
4833,44527,1
4834,44528,1
4836,44530,1
4837,44531,1
4838,44532,1
4839,44533,1
4843,44535,1
4845,44537,1
4847,44539,1
4851,44543,1
4852,44544,1
4854,44546,1
4855,44547,1
4856,44548,1
4857,44549,1
4858,44550,1
4861,44553,1
4862,44554,1
4863,44555,1
4865,44557,1
4871,44563,1
4872,44564,1
4873,44565,1
4875,44567,1
4876,44568,1
4878,44570,1
4879,44571,1
4883,44573,1
4885,44575,1
4886,44576,1
4887,44577,1
4889,44579,1
4892,44582,1
4899,44589,1
4905,44595,1
4906,44596,1
4907,44597,1
4909,44599,1
4911,44601,1
4913,44603,1
4914,44604,1
4915,44605,1
4916,44606,1
4919,44609,1
4921,44611,1
4923,44613,1
4924,44614,1
4925,44615,1
4926,44616,1
4927,44617,1
4928,44618,1
4932,44622,1
4935,44625,1
4938,44628,1
4940,44630,1
4942,44632,1
4943,44633,1
4944,44634,1
4956,44646,1
4964,44654,1
4966,44656,1
4967,44657,1
4968,44658,1
4969,44659,1
4970,44660,1
4971,44661,1
4974,44663,1
4976,44666,1
4978,44668,1
4981,44671,1
4983,44673,1
4985,44675,1
4986,44676,1
4987,44677,1
4988,44678,1
4989,44679,1
4990,44680,1
4991,44681,1
4993,44683,1
4994,44684,1
4995,44685,1
5000,44688,1
5001,44689,1
5002,44690,1
5004,44692,1
5008,44696,1
5011,44697,1
5013,44699,1
5014,44700,1
5016,44702,1
5019,44705,1
5020,44706,1
5022,44708,1
5023,44709,1
5024,44710,1
5025,44711,1
5026,44712,1
5028,44714,1
5029,44715,1
5031,44717,1
5032,44718,1
5033,44719,1
5034,44720,1
5035,44721,1
5039,44725,1
5040,44726,1
5041,44727,1
5042,44728,1
5043,44729,1
5044,44730,1
5046,44732,1
5050,44736,1
5051,44737,1
5052,44738,1
5053,44739,1
5055,44741,1
5056,44742,1
5057,44743,1
5058,44744,1
5059,44745,1
5063,44747,1
5067,44751,1
5068,44752,1
5069,44753,1
5070,44754,1
5072,44756,1
5073,44757,1
5074,44758,1
5075,44759,1
5080,44762,1
5082,44764,1
5083,44765,1
5087,44767,1
5088,44768,1
5089,44769,1
5091,44771,1
5092,44772,1
5093,44773,1
5095,44775,1
5096,44776,1
5097,44777,1
5098,44778,1
5099,44779,1
5101,44781,1
5102,44782,1
5110,44790,1
5111,44791,1
5115,44795,1
5119,44799,1
5120,44800,1
5128,44808,1
5130,44810,1
5132,44812,1
5133,44813,1
5135,44815,1
5137,44817,1
5138,44818,1
5139,44819,1
5140,44820,1
5141,44821,1
5142,44822,1
5143,44823,1
5144,44824,1
5148,44828,1
5153,44833,1
5155,44835,1
5157,44837,1
5158,44838,1
5159,44839,1
5161,44841,1
5162,44842,1
5163,44843,1
5164,44844,1
5165,44845,1
5166,44846,1
5167,44847,1
5168,44848,1
5171,44851,1
5172,44852,1
5173,44853,1
5174,44854,1
5175,44855,1
5177,44857,1
5178,44858,1
5180,44860,1
5182,44862,1
5183,44863,1
5184,44864,1
5188,44868,1
5189,44869,1
5190,44870,1
5194,44874,1
5195,44875,1
5196,44876,1
5200,44882,1
5203,44885,1
5205,44887,1
5206,44889,1
5207,44890,1
5211,44894,1
5212,44895,1
5213,44896,1
5217,44900,1
5218,44901,1
5219,44902,1
5220,44903,1
5221,44904,1
5222,44905,1
5223,44906,1
5224,44907,1
5227,44910,1
5228,44911,1
5229,44912,1
5236,44919,1
5237,44920,1
5238,44921,1
5239,44922,1
5240,44923,1
5241,44924,1
5242,44925,1
5243,44926,1
5244,44927,1
5245,44928,1
5247,44930,1
5252,44935,1
5256,44939,1
5258,44941,1
5261,44944,1
5262,44945,1
5264,44947,1
5265,44948,1
5266,44949,1
5267,44950,1
5271,44954,1
5272,44955,1
5273,44956,1
5274,44957,1
5275,44958,1
5276,44959,1
5277,44960,1
5279,44962,1
5280,44963,1
5291,44974,1
5294,44977,1
5295,44978,1
5299,44982,1
5303,44986,1
5305,44988,1
5306,44989,1
5317,45000,1
5321,45004,1
5324,45007,1
5326,45009,1
5327,45010,1
5328,45011,1
5329,45012,1
5330,45013,1
5331,45014,1
5332,45015,1
5334,45017,1
5335,45018,1
5336,45019,1
5337,45020,1
5338,45021,1
5339,45022,1
5340,45023,1
5341,45024,1
5342,45025,1
5343,45026,1
5344,45027,1
5345,45028,1
5346,45029,1
5347,45030,1
5348,45031,1
5349,45032,1
5350,45033,1
5352,45035,1
5358,45041,1
5359,45042,1
5360,45043,1
5363,45046,1
5364,45047,1
5365,45048,1
5367,45050,1
5369,45052,1
5370,45053,1
5371,45054,1
5372,45055,1
5373,45056,1
5378,45061,1
5382,45065,1
5383,45066,1
5385,45068,1
5386,45069,1
5388,45071,1
5389,45072,1
5392,45075,1
5394,45077,1
5397,45080,1
5400,45083,1
5403,45086,1
5410,45093,1
5411,45094,1
5414,45097,1
5416,45099,1
5417,45100,1
5420,45103,1
5421,45104,1
5422,45105,1
5423,45106,1
5424,45107,1
5426,45109,1
5427,45110,1
5429,45112,1
5430,45113,1
5431,45114,1
5432,45115,1
5440,45123,1
5441,45124,1
5448,45131,1
5456,45139,1
5458,45141,1
5459,45142,1
5460,45143,1
5461,45144,1
5462,45145,1
5463,45146,1
5465,45148,1
5466,45149,1
5468,45151,1
5471,45154,1
5472,45155,1
5473,45156,1
5474,45157,1
5475,45158,1
5476,45159,1
5477,45160,1
5478,45161,1
5479,45162,1
5480,45163,1
5483,45166,1
5484,45167,1
5485,45168,1
5489,45172,1
5490,45173,1
5491,45174,1
5495,45178,1
5496,45179,1
5497,45180,1
5498,45181,1
5499,45182,1
5502,45185,1
5504,45187,1
5506,45189,1
5507,45190,1
5508,45191,1
5509,45192,1
5511,45194,1
5512,45195,1
5513,45196,1
5516,45199,1
5517,45200,1
5518,45201,1
5519,45202,1
5520,45203,1
5521,45204,1
5522,45205,1
5524,45207,1
5528,45211,1
5529,45212,1
5530,45213,1
5531,45214,1
5532,45215,1
5533,45216,1
5534,45217,1
5537,45220,1
5539,45222,1
5540,45223,1
5541,45224,1
5542,45225,1
5543,45226,1
5544,45228,1
5545,45229,1
5548,45232,1
5550,45234,1
5554,45238,1
5555,45239,1
5556,45240,1
5557,45241,1
5558,45242,1
5559,45243,1
5561,45245,1
5562,45246,1
5564,45248,1
5565,45249,1
5566,45250,1
5567,45251,1
5568,45252,1
5569,45253,1
5570,45254,1
5572,45256,1
5574,45258,1
5575,45259,1
5576,45260,1
5577,45261,1
5578,45262,1
5579,45263,1
5580,45264,1
5581,45265,1
5582,45266,1
5583,45267,1
5584,45268,1
5585,45269,1
5586,45270,1
5587,45271,1
5589,45273,1
5590,45274,1
5592,45276,1
5597,45281,1
5601,45285,1
5603,45287,1
5607,45291,1
5608,45292,1
5609,45293,1
5610,45294,1
5611,45295,1
5612,45296,1
5613,45297,1
5614,45298,1
5615,45299,1
5616,45300,1
5617,45301,1
5618,45302,1
5622,45306,1
5624,45308,1
5626,45310,1
5627,45311,1
5628,45312,1
5629,45313,1
5630,45314,1
5632,45316,1
5633,45317,1
5635,45319,1
5636,45320,1
5638,45322,1
5641,45325,1
5642,45326,1
5643,45327,1
5645,45329,1
5646,45330,1
5647,45331,1
5650,45334,1
5651,45335,1
5652,45336,1
5653,45337,1
5654,45338,1
5655,45339,1
5662,45346,1
5664,45348,1
5666,45350,1
5668,45352,1
5669,45353,1
5671,45355,1
5672,45356,1
5674,45358,1
5675,45359,1
5676,45360,1
5677,45361,1
5678,45362,1
5679,45363,1
5680,45364,1
5684,45368,1
5687,45371,1
5688,45372,1
5689,45373,1
5694,45378,1
5698,45382,1
5699,45383,1
5700,45384,1
5710,45394,1
5711,45395,1
5714,45398,1
5715,45399,1
5716,45400,1
5720,45404,1
5723,45407,1
5726,45410,1
5729,45413,1
5732,45416,1
5735,45419,1
5741,45425,1
5744,45428,1
5747,45431,1
5750,45434,1
5753,45437,1
5755,45439,1
5756,45440,1
5757,45441,1
5758,45442,1
5761,45445,1
5762,45446,1
5765,45449,1
5766,45450,1
5769,45453,1
5770,45454,1
5771,45455,1
5773,45457,1
5775,45459,1
5777,45461,1
5778,45462,1
5779,45463,1
5781,45465,1
5782,45466,1
5783,45467,1
5784,45468,1
5785,45469,1
5786,45470,1
5787,45471,1
5788,45472,1
5789,45473,1
5792,45476,1
5793,45477,1
5794,45478,1
5795,45479,1
5796,45480,1
5797,45481,1
5801,45485,1
5803,45487,1
5805,45489,1
5806,45490,1
5807,45491,1
5808,45492,1
5809,45493,1
5810,45494,1
5811,45495,1
5812,45496,1
5817,45501,1
5821,45505,1
5822,45506,1
5824,45508,1
5826,45510,1
5830,45514,1
5831,45515,1
5836,45520,1
5838,45522,1
5839,45523,1
5841,45525,1
5843,45527,1
5847,45531,1
5850,45534,1
5851,45535,1
5852,45536,1
5853,45537,1
5854,45538,1
5855,45539,1
5856,45540,1
5857,45541,1
5858,45542,1
5859,45543,1
5860,45544,1
5861,45545,1
5862,45546,1
5864,45548,1
5866,45550,1
5867,45551,1
5869,45553,1
5870,45554,1
5872,45556,1
5876,45560,1
5878,45562,1
5881,45565,1
5885,45569,1
5886,45570,1
5887,45571,1
5888,45572,1
5889,45573,1
5890,45574,1
5893,45577,1
5895,45579,1
5898,45582,1
5901,45585,1
5902,45586,1
5903,45587,1
5904,45588,1
5905,45589,1
5906,45590,1
5907,45591,1
5908,45592,1
5910,45594,1
5911,45595,1
5912,45596,1
5913,45597,1
5914,45598,1
5922,45606,1
5923,45607,1
5927,45611,1
5929,45613,1
5930,45614,1
5931,45615,1
5932,45616,1
5935,45619,1
5936,45620,1
5938,45622,1
5939,45623,1
5940,45624,1
5941,45625,1
5942,45626,1
5943,45627,1
5944,45628,1
5945,45629,1
5946,45630,1
5950,45634,1
5951,45635,1
5952,45636,1
5953,45637,1
5956,45640,1
5960,45644,1
5961,45645,1
5962,45646,1
5963,45647,1
5964,45648,1
5965,45649,1
5966,45650,1
5967,45651,1
5969,45653,1
5970,45654,1
5974,45658,1
5975,45659,1
5976,45660,1
5977,45661,1
5978,45662,1
5979,45663,1
5980,45664,1
5981,45665,1
5982,45666,1
5983,45667,1
5984,45668,1
5986,45670,1
5990,45674,1
5991,45675,1
5993,45677,1
5995,45679,1
5996,45680,1
5999,45683,1
6000,45684,1
6001,45685,1
6004,45688,1
6006,45690,1
6007,45691,1
6008,45692,1
6010,45694,1
6011,45695,1
6012,45696,1
6013,45697,1
6014,45698,1
6015,45699,1
6016,45700,1
6017,45701,1
6018,45702,1
6020,45704,1
6021,45705,1
6023,45707,1
6027,45711,1
6028,45712,1
6029,45713,1
6030,45714,1
6031,45715,1
6032,45716,1
6033,45717,1
6034,45718,1
6035,45719,1
6036,45720,1
6037,45721,1
6038,45722,1
6039,45723,1
6040,45724,1
6041,45725,1
6044,45728,1
6047,45731,1
6048,45732,1
6053,45737,1
6054,45738,1
6055,45739,1
6056,45740,1
6057,45741,1
6058,45742,1
6059,45743,1
6060,45744,1
6061,45745,1
6062,45746,1
6063,45747,1
6074,45758,1
6076,45760,1
6078,45762,1
6080,45764,1
6081,45765,1
6083,45767,1
6084,45768,1
6085,45769,1
6086,45770,1
6087,45771,1
6088,45772,1
6089,45773,1
6090,45774,1
6091,45775,1
6092,45776,1
6093,45777,1
6094,45778,1
6095,45779,1
6096,45780,1
6099,45783,1
6100,45784,1
6101,45785,1
6102,45786,1
6103,45787,1
6105,45789,1
6106,45790,1
6107,45791,1
6110,45794,1
6111,45795,1
6112,45796,1
6113,45797,1
6114,45798,1
6119,45803,1
6120,45804,1
6121,45805,1
6122,45806,1
6123,45807,1
6125,45809,1
6127,45811,1
6129,45813,1
6130,45814,1
6131,45815,1
6132,45816,1
6133,45817,1
6134,45818,1
6138,45822,1
6141,45825,1
6142,45826,1
6143,45827,1
6144,45828,1
6145,45829,1
6146,45830,1
6147,45831,1
6148,45832,1
6149,45833,1
6150,45834,1
6151,45835,1
6152,45836,1
6154,45838,1
6156,45840,1
6157,45841,1
6158,45842,1
6159,45843,1
6160,45844,1
6161,45845,1
6162,45846,1
6163,45847,1
6164,45848,1
6165,45849,1
6166,45850,1
6167,45851,1
6168,45852,1
6169,45853,1
6170,45854,1
6171,45855,1
6172,45856,1
6176,45860,1
6177,45861,1
6182,45866,1
6187,45871,1
6188,45872,1
6189,45873,1
6192,45876,1
6193,45877,1
6194,45878,1
6204,45888,1
6206,45890,1
6207,45891,1
6208,45892,1
6209,45893,1
6210,45894,1
6211,45895,1
6212,45896,1
6213,45897,1
6218,45902,1
6219,45903,1
6220,45904,1
6221,45905,1
6222,45906,1
6223,45907,1
6224,45908,1
6225,45909,1
6226,45910,1
6230,45914,1
6233,45917,1
6234,45918,1
6238,45922,1
6240,45924,1
6242,45926,1
6244,45928,1
6246,45930,1
6247,45931,1
6248,45932,1
6249,45933,1
6250,45934,1
6252,45936,1
6253,45937,1
6254,45938,1
6255,45939,1
6256,45940,1
6257,45941,1
6258,45942,1
6259,45943,1
6260,45944,1
6261,45945,1
6262,45946,1
6263,45947,1
6264,45948,1
6265,45949,1
6266,45950,1
6267,45951,1
6268,45952,1
6272,45956,1
6274,45958,1
6275,45959,1
6277,45961,1
6278,45962,1
6279,45963,1
6280,45964,1
6287,45971,1
6290,45974,1
6293,45977,1
6296,45980,1
6297,45981,1
6298,45982,1
6299,45983,1
6300,45984,1
6304,45988,1
6308,45992,1
6309,45993,1
6310,45994,1
6313,45999,1
6314,46000,1
6315,46001,1
6316,46002,1
6317,46003,1
6319,46005,1
6320,46006,1
6322,46008,1
6323,46009,1
6324,46010,1
6325,46011,1
6329,46015,1
6330,46016,1
6331,46017,1
6333,46019,1
6334,46020,1
6335,46021,1
6336,46022,1
6337,46023,1
6338,46024,1
6339,46025,1
6340,46026,1
6341,46027,1
6342,46028,1
6346,46032,1
6347,46033,1
6349,46035,1
6350,46036,1
6351,46037,1
6352,46038,1
6353,46039,1
6354,46040,1
6355,46041,1
6356,46042,1
6357,46043,1
6358,46044,1
6359,46045,1
6360,46046,1
6361,46047,1
6362,46048,1
6363,46049,1
6364,46050,1
6366,46052,1
6367,46053,1
6369,46055,1
6370,46056,1
6371,46057,1
6375,46061,1
6384,46070,1
6385,46071,1
6388,46077,1
6390,46079,1
6391,46080,1
6392,46081,1
6393,46082,1
6394,46083,1
6396,46085,1
6397,46086,1
6398,46087,1
6399,46088,1
6400,46089,1
6401,46090,1
6402,46091,1
6403,46092,1
6404,46093,1
6405,46094,1
6406,46095,1
6407,46096,1
6411,46100,1
6414,46103,1
6423,46112,1
6425,46114,1
6428,46117,1
6429,46118,1
6432,46121,1
6436,46125,1
6445,46134,1
6447,46136,1
6455,46144,1
6458,46147,1
6465,46154,1
6467,46156,1
6468,46157,1
6469,46158,1
6472,46159,1
6473,46160,1
6474,46161,1
6479,46167,1
6480,46168,1
6483,46171,1
6484,46172,1
6485,46173,1
6486,46174,1
6487,46175,1
6488,46176,1
6490,46178,1
6492,46180,1
6493,46181,1
6494,46182,1
6495,46183,1
6496,46184,1
6497,46185,1
6499,46187,1
6501,46189,1
6503,46191,1
6506,46194,1
6510,46198,1
6512,46200,1
6514,46202,1
6516,46204,1
6517,46205,1
6518,46206,1
6519,46207,1
6522,46210,1
6523,46211,1
6525,46213,1
6527,46216,1
6528,46217,1
6529,46218,1
6531,46220,1
6532,46221,1
6533,46222,1
6534,46223,1
6537,46226,1
6538,46227,1
6541,46230,1
6542,46231,1
6544,46233,1
6546,46235,1
6547,46236,1
6548,46237,1
6549,46238,1
6550,46239,1
6551,46240,1
6553,46242,1
6554,46243,1
6560,46247,1
6562,46249,1
6564,46251,1
6566,46253,1
6569,46256,1
6570,46257,1
6572,46259,1
6573,46260,1
6574,46261,1
6575,46262,1
6576,46263,1
6578,46265,1
6579,46266,1
6580,46267,1
6582,46269,1
6587,46274,1
6588,46275,1
6589,46276,1
6590,46277,1
6591,46278,1
6592,46279,1
6593,46280,1
6594,46281,1
6595,46282,1
6597,46284,1
6604,46293,1
6609,46298,1
6610,46299,1
6611,46300,1
6612,46301,1
6616,46305,1
6623,46312,1
6624,46313,1
6625,46314,1
6626,46315,1
6628,46317,1
6632,46321,1
6633,46322,1
6634,46325,1
6635,46331,1
6636,46332,1
6637,46333,1
6638,46334,1
6640,46336,1
6641,46337,1
6642,46338,1
6643,46339,1
6644,46340,1
6645,46341,1
6646,46342,1
6647,46343,1
6648,46344,1
6651,46347,1
6654,46350,1
6655,46351,1
6656,46352,1
6657,46353,1
6658,46354,1
6659,46355,1
6660,46356,1
6662,46358,1
6663,46359,1
6664,46360,1
6666,46362,1
6670,46369,1
6671,46370,1
6672,46371,1
6674,46373,1
6676,46376,1
6679,46379,1
6680,46381,1
6681,46382,1
6686,46388,1
6688,46391,1
6689,46392,1
6691,46394,1
6692,46395,1
6693,46396,1
6694,46397,1
6696,46399,1
6697,46400,1
6698,46401,1
6699,46402,1
6700,46403,1
6701,46404,1
6703,46406,1
6704,46407,1
6705,46408,1
6706,46409,1
6707,46410,1
6708,46411,1
6709,46412,1
6710,46413,1
6711,46414,1
6714,46417,1
6718,46421,1
6723,46426,1
6724,46427,1
6725,46428,1
6726,46429,1
6727,46430,1
6728,46431,1
6729,46432,1
6730,46433,1
6731,46434,1
6733,46436,1
6735,46438,1
6736,46439,1
6737,46440,1
6738,46441,1
6739,46442,1
6740,46443,1
6741,46444,1
6742,46445,1
6743,46446,1
6746,46449,1
6747,46450,1
6748,46451,1
6749,46452,1
6750,46453,1
6751,46454,1
6752,46455,1
6753,46456,1
6754,46457,1
6755,46458,1
6756,46459,1
6757,46460,1
6758,46461,1
6760,46463,1
6761,46464,1
6762,46465,1
6763,46466,1
6764,46467,1
6765,46468,1
6766,46469,1
6767,46470,1
6769,46472,1
6771,46474,1
6773,46476,1
6774,46477,1
6775,46478,1
6776,46479,1
6777,46480,1
6778,46481,1
6779,46482,1
6780,46483,1
6781,46484,1
6782,46485,1
6783,46486,1
6784,46487,1
6785,46488,1
6786,46489,1
6787,46490,1
6788,46491,1
6789,46492,1
6790,46493,1
6791,46494,1
6792,46495,1
6793,46496,1
6794,46497,1
6795,46498,1
6796,46499,1
6797,46500,1
6798,46501,1
6799,46502,1
6802,46505,1
6803,46506,1
6804,46507,1
6805,46508,1
6806,46509,1
6807,46510,1
6808,46511,1
6809,46512,1
6810,46513,1
6811,46514,1
6812,46515,1
6813,46516,1
6814,46517,1
6815,46518,1
6816,46519,1
6817,46520,1
6818,46521,1
6819,46522,1
6820,46523,1
6821,46524,1
6822,46525,1
6823,46526,1
6824,46527,1
6825,46528,1
6826,46529,1
6827,46530,1
6828,46531,1
6829,46532,1
6830,46533,1
6831,46534,1
6832,46535,1
6833,46536,1
6834,46537,1
6835,46538,1
6836,46539,1
6838,46541,1
6839,46542,1
6840,46543,1
6841,46544,1
6842,46545,1
6843,46546,1
6844,46547,1
6845,46548,1
6846,46549,1
6847,46550,1
6848,46551,1
6849,46552,1
6850,46553,1
6851,46554,1
6852,46555,1
6853,46556,1
6854,46557,1
6855,46558,1
6856,46559,1
6857,46560,1
6859,46562,1
6862,46565,1
6863,46566,1
6865,46568,1
6866,46569,1
6871,46574,1
6872,46575,1
6876,46579,1
6877,46580,1
6878,46581,1
6879,46582,1
6882,46585,1
6884,46587,1
6886,46589,1
6887,46590,1
6888,46591,1
6889,46592,1
6893,46596,1
6894,46597,1
6895,46598,1
6896,46599,1
6897,46600,1
6901,46604,1
6902,46605,1
6903,46606,1
6904,46607,1
6905,46608,1
6906,46609,1
6907,46610,1
6908,46611,1
6909,46612,1
6910,46613,1
6911,46614,1
6912,46615,1
6915,46618,1
6916,46619,1
6918,46621,1
6921,46622,1
6923,46624,1
6925,46626,1
6926,46627,1
6927,46628,1
6929,46630,1
6931,46632,1
6932,46633,1
6933,46634,1
6935,46636,1
6936,46637,1
6937,46638,1
6940,46641,1
6947,46648,1
6948,46649,1
6950,46651,1
6951,46652,1
6952,46653,1
6956,46655,1
6957,46656,1
6958,46657,1
6959,46658,1
6961,46660,1
6962,46661,1
6963,46662,1
6965,46664,1
6966,46665,1
6967,46666,1
6968,46667,1
6969,46668,1
6970,46669,1
6971,46670,1
6972,46671,1
6973,46672,1
6974,46673,1
6975,46674,1
6976,46675,1
6977,46676,1
6979,46678,1
6982,46681,1
6986,46685,1
6987,46686,1
6988,46687,1
6991,46690,1
6992,46691,1
6996,46695,1
6997,46696,1
6999,46698,1
7001,46700,1
7003,46702,1
7004,46703,1
7007,46706,1
7008,46707,1
7012,46711,1
7014,46713,1
7015,46714,1
7016,46715,1
7019,46718,1
7021,46720,1
7022,46721,1
7025,46724,1
7035,46730,1
7036,46731,1
7037,46732,1
7038,46733,1
7039,46734,1
7050,46742,1
7054,46744,1
7057,46747,1
7058,46748,1
7059,46749,1
7060,46750,1
7061,46751,1
7064,46754,1
7065,46755,1
7068,46758,1
7069,46759,1
7072,46762,1
7076,46764,1
7077,46765,1
7078,46766,1
7080,46768,1
7081,46769,1
7082,46770,1
7083,46771,1
7084,46772,1
7085,46773,1
7086,46774,1
7087,46775,1
7088,46776,1
7089,46777,1
7090,46778,1
7091,46779,1
7095,46781,1
7097,46783,1
7098,46784,1
7099,46785,1
7100,46786,1
7101,46787,1
7104,46790,1
7106,46792,1
7107,46793,1
7108,46794,1
7109,46795,1
7110,46796,1
7111,46797,1
7113,46799,1
7114,46800,1
7115,46801,1
7116,46802,1
7117,46803,1
7118,46804,1
7123,46809,1
7124,46810,1
7125,46811,1
7126,46812,1
7127,46813,1
7131,46817,1
7132,46818,1
7136,46820,1
7138,46822,1
7139,46823,1
7140,46824,1
7142,46826,1
7144,46828,1
7147,46831,1
7149,46833,1
7150,46834,1
7151,46835,1
7153,46837,1
7157,46841,1
7159,46843,1
7162,46846,1
7163,46847,1
7167,46849,1
7171,46853,1
7173,46855,1
7174,46856,1
7175,46857,1
7176,46858,1
7177,46859,1
7178,46860,1
7179,46861,1
7180,46862,1
7181,46863,1
7189,46871,1
7190,46872,1
7191,46873,1
7192,46874,1
7195,46877,1
7197,46879,1
7199,46881,1
7201,46883,1
7204,46886,1
7206,46888,1
7207,46889,1
7208,46890,1
7209,46891,1
7210,46892,1
7211,46893,1
7212,46894,1
7217,46897,1
7218,46898,1
7219,46899,1
7222,46902,1
7226,46906,1
7227,46907,1
7230,46910,1
7234,46914,1
7237,46917,1
7238,46918,1
7239,46919,1
7240,46920,1
7241,46921,1
7242,46922,1
7250,46930,1
7251,46931,1
7252,46932,1
7256,46936,1
7259,46939,1
7260,46940,1
7261,46941,1
7262,46942,1
7263,46943,1
7264,46944,1
7268,46948,1
7270,46950,1
7271,46951,1
7273,46953,1
7274,46954,1
7275,46955,1
7276,46956,1
7277,46957,1
7278,46958,1
7279,46959,1
7280,46960,1
7283,46963,1
7284,46964,1
7288,46968,1
7293,46973,1
7294,46974,1
7300,46980,1
7302,46982,1
7303,46983,1
7307,46987,1
7311,46989,1
7313,46991,1
7315,46993,1
7316,46994,1
7317,46995,1
7318,46996,1
7319,46997,1
7321,46999,1
7322,47000,1
7324,47002,1
7328,47006,1
7331,47009,1
7333,47011,1
7334,47012,1
7339,47015,1
7340,47016,1
7345,47019,1
7346,47020,1
7351,47023,1
7352,47024,1
7357,47027,1
7358,47028,1
7359,47029,1
7362,47032,1
7369,47039,1
7371,47041,1
7372,47042,1
7373,47043,1
7374,47044,1
7375,47045,1
7376,47046,1
7377,47047,1
7378,47048,1
7379,47049,1
7380,47050,1
7381,47051,1
7382,47052,1
7383,47053,1
7384,47054,1
7387,47057,1
7388,47058,1
7389,47059,1
7390,47060,1
7396,47066,1
7401,47069,1
7403,47071,1
7405,47073,1
7407,47075,1
7410,47078,1
7411,47079,1
7412,47080,1
7414,47082,1
7416,47084,1
7418,47086,1
7420,47088,1
7423,47091,1
7425,47093,1
7427,47095,1
7429,47097,1
7431,47099,1
7433,47101,1
7434,47102,1
7435,47103,1
7436,47104,1
7438,47106,1
7439,47107,1
7440,47108,1
7442,47110,1
7445,47113,1
7447,47115,1
7448,47116,1
7449,47117,1
7450,47118,1
7452,47120,1
7454,47122,1
7456,47124,1
7458,47126,1
7460,47128,1
7462,47130,1
7464,47132,1
7466,47134,1
7469,47137,1
7471,47139,1
7473,47141,1
7475,47143,1
7477,47145,1
7479,47147,1
7481,47149,1
7483,47151,1
7484,47152,1
7485,47153,1
7486,47154,1
7487,47155,1
7488,47156,1
7490,47158,1
7492,47160,1
7495,47163,1
7497,47165,1
7498,47166,1
7499,47167,1
7500,47168,1
7501,47169,1
7505,47171,1
7507,47173,1
7508,47174,1
7509,47175,1
7510,47176,1
7511,47177,1
7513,47179,1
7515,47181,1
7516,47182,1
7517,47183,1
7518,47184,1
7521,47187,1
7522,47188,1
7523,47189,1
7524,47190,1
7532,47198,1
7533,47199,1
7534,47200,1
7535,47201,1
7536,47202,1
7537,47203,1
7538,47204,1
7540,47206,1
7542,47208,1
7543,47209,1
7545,47211,1
7546,47212,1
7547,47213,1
7548,47214,1
7549,47215,1
7550,47216,1
7551,47217,1
7552,47218,1
7553,47219,1
7554,47220,1
7555,47221,1
7556,47222,1
7558,47224,1
7560,47226,1
7561,47227,1
7562,47228,1
7564,47230,1
7565,47231,1
7566,47232,1
7568,47234,1
7569,47235,1
7570,47236,1
7571,47237,1
7574,47240,1
7576,47242,1
7578,47244,1
7579,47245,1
7580,47246,1
7581,47247,1
7583,47249,1
7585,47251,1
7587,47253,1
7589,47255,1
7591,47257,1
7592,47258,1
7593,47259,1
7594,47260,1
7595,47261,1
7597,47263,1
7601,47267,1
7602,47268,1
7603,47269,1
7606,47271,1
7610,47275,1
7612,47277,1
7615,47280,1
7616,47281,1
7617,47282,1
7618,47283,1
7619,47284,1
7620,47285,1
7621,47286,1
7623,47288,1
7624,47289,1
7625,47290,1
7627,47291,1
7628,47292,1
7629,47293,1
7630,47294,1
7632,47296,1
7633,47297,1
7634,47298,1
7635,47299,1
7637,47301,1
7639,47303,1
7641,47305,1
7643,47307,1
7645,47309,1
7647,47311,1
7649,47313,1
7680,47363,1
7682,47365,1
7683,47366,1
7685,47368,1
7686,47369,1
7687,47370,1
7688,47371,1
7689,47372,1
7692,47375,1
7694,47377,1
7700,47383,1
7701,47384,1
7703,47386,1
7704,47387,1
7705,47388,1
7707,47390,1
7708,47391,1
7709,47392,1
7710,47393,1
7711,47394,1
7712,47395,1
7713,47396,1
7714,47397,1
7716,47399,1
7717,47400,1
7718,47401,1
7719,47402,1
7720,47403,1
7721,47404,1
7722,47405,1
7723,47406,1
7724,47407,1
7726,47409,1
7728,47411,1
7729,47412,1
7730,47413,1
7732,47415,1
7735,47416,1
7739,47418,1
7740,47419,1
7741,47420,1
7742,47421,1
7744,47423,1
7745,47424,1
7746,47425,1
7747,47426,1
7748,47427,1
7749,47428,1
7750,47429,1
7751,47430,1
7752,47431,1
7753,47432,1
7756,47435,1
7757,47436,1
7758,47437,1
7759,47438,1
7760,47439,1
7761,47440,1
7762,47441,1
7767,47443,1
7768,47444,1
7770,47446,1
7774,47449,1
7775,47450,1
7776,47451,1
7777,47452,1
7778,47453,1
7782,47457,1
7784,47459,1
7785,47460,1
7788,47463,1
7790,47465,1
7791,47466,1
7792,47467,1
7793,47468,1
7794,47469,1
7795,47470,1
7796,47471,1
7797,47472,1
7800,47474,1
7803,47477,1
7804,47478,1
7805,47479,1
7806,47480,1
7807,47481,1
7808,47482,1
7809,47483,1
7810,47484,1
7812,47486,1
7813,47487,1
7814,47488,1
7815,47489,1
7816,47490,1
7817,47491,1
7818,47492,1
7819,47493,1
7820,47494,1
7821,47495,1
7823,47497,1
7824,47498,1
7825,47499,1
7826,47500,1
7827,47501,1
7828,47502,1
7829,47503,1
7830,47504,1
7831,47505,1
7832,47506,1
7833,47507,1
7834,47508,1
7835,47509,1
7836,47510,1
7837,47511,1
7838,47512,1
7839,47513,1
7840,47514,1
7841,47515,1
7842,47516,1
7843,47517,1
7844,47518,1
7845,47519,1
7848,47521,1
7849,47522,1
7851,47524,1
7853,47526,1
7855,47527,1
7856,47528,1
7857,47529,1
7858,47530,1
7859,47531,1
7860,47532,1
7861,47533,1
7862,47534,1
7864,47536,1
7865,47537,1
7867,47539,1
7868,47540,1
7869,47541,1
7872,47544,1
7873,47545,1
7874,47546,1
7876,47548,1
7877,47549,1
7878,47550,1
7879,47551,1
7880,47552,1
7881,47553,1
7882,47554,1
7883,47555,1
7884,47556,1
7885,47557,1
7886,47558,1
7887,47559,1
7888,47560,1
7889,47561,1
7890,47562,1
7891,47563,1
7892,47564,1
7893,47565,1
7894,47566,1
7895,47567,1
7896,47568,1
7897,47569,1
7898,47570,1
7899,47571,1
7901,47573,1
7907,47579,1
7908,47580,1
7909,47581,1
7910,47582,1
7911,47583,1
7912,47584,1
7913,47585,1
7914,47586,1
7915,47587,1
7916,47588,1
7918,47590,1
7919,47591,1
7920,47592,1
7921,47593,1
7922,47594,1
7923,47595,1
7925,47597,1
7929,47601,1
7930,47602,1
7932,47604,1
7935,47607,1
7939,47611,1
7941,47613,1
7943,47615,1
7944,47616,1
7945,47617,1
7946,47618,1
7947,47619,1
7948,47620,1
7949,47621,1
7950,47622,1
7951,47623,1
7952,47624,1
7953,47625,1
7958,47630,1
7959,47631,1
7960,47632,1
7961,47633,1
7963,47635,1
7965,47637,1
7966,47638,1
7967,47639,1
7968,47640,1
7969,47641,1
7971,47643,1
7972,47644,1
7973,47645,1
7974,47646,1
7976,47648,1
7977,47649,1
7980,47652,1
7983,47655,1
7984,47656,1
7985,47657,1
7986,47658,1
7988,47660,1
7989,47661,1
7993,47665,1
7994,47666,1
7995,47667,1
7996,47668,1
7998,47670,1
7999,47671,1
8001,47673,1
8003,47675,1
8004,47676,1
8005,47677,1
8006,47678,1
8008,47680,1
8010,47682,1
8015,47684,1
8016,47685,1
8017,47686,1
8020,47689,1
8021,47690,1
8022,47691,1
8023,47692,1
8027,47696,1
8028,47697,1
8029,47698,1
8030,47699,1
8031,47700,1
8032,47701,1
8033,47702,1
8034,47703,1
8035,47704,1
8036,47705,1
8037,47706,1
8038,47707,1
8040,47709,1
8041,47710,1
8043,47712,1
8045,47714,1
8046,47715,1
8047,47716,1
8048,47717,1
8049,47718,1
8051,47720,1
8055,47721,1
8061,47727,1
8062,47728,1
8063,47729,1
8064,47730,1
8065,47731,1
8067,47733,1
8072,47735,1
8076,47739,1
8078,47741,1
8080,47743,1
8081,47744,1
8082,47745,1
8084,47747,1
8086,47749,1
8087,47750,1
8091,47754,1
8092,47755,1
8093,47756,1
8094,47757,1
8095,47758,1
8096,47759,1
8097,47760,1
8098,47761,1
8099,47762,1
8103,47766,1
8104,47767,1
8105,47768,1
8106,47769,1
8107,47770,1
8108,47771,1
8121,47775,1
8122,47776,1
8124,47778,1
8125,47779,1
8126,47780,1
8127,47781,1
8143,47788,1
8144,47789,1
8145,47790,1
8146,47791,1
8147,47792,1
8148,47793,1
8149,47794,1
8150,47795,1
8151,47796,1
8152,47797,1
8153,47798,1
8154,47799,1
8155,47800,1
8156,47801,1
8157,47802,1
8158,47803,1
8159,47804,1
8160,47805,1
8161,47806,1
8162,47807,1
8165,47810,1
8166,47811,1
8171,47816,1
8172,47817,1
8175,47820,1
8176,47821,1
8183,47825,1
8184,47826,1
8185,47827,1
8186,47828,1
8187,47829,1
8190,47832,1
8194,47836,1
8195,47837,1
8196,47838,1
8197,47839,1
8198,47840,1
8200,47842,1
8201,47843,1
8202,47844,1
8203,47845,1
8215,47857,1
8221,47863,1
8222,47864,1
8226,47868,1
8227,47869,1
8228,47870,1
8229,47871,1
8230,47872,1
8231,47873,1
8232,47874,1
8233,47875,1
8234,47876,1
8235,47877,1
8236,47878,1
8237,47879,1
8238,47880,1
8239,47881,1
8240,47882,1
8241,47883,1
8242,47884,1
8243,47885,1
8244,47886,1
8245,47887,1
8246,47888,1
8247,47889,1
8250,47892,1
8253,47895,1
8256,47898,1
8260,47902,1
8261,47903,1
8262,47904,1
8263,47905,1
8264,47906,1
8265,47907,1
8266,47908,1
8267,47909,1
8268,47910,1
8269,47911,1
8270,47912,1
8272,47914,1
8274,47916,1
8275,47917,1
8276,47918,1
8277,47919,1
8280,47922,1
8282,47924,1
8286,47925,1
8288,47927,1
8289,47928,1
8291,47930,1
8293,47932,1
8299,47935,1
8300,47936,1
8301,47937,1
8302,47938,1
8303,47939,1
8304,47940,1
8305,47941,1
8306,47942,1
8307,47943,1
8308,47944,1
8309,47945,1
8310,47946,1
8312,47948,1
8314,47950,1
8318,47951,1
8319,47952,1
8320,47953,1
8321,47954,1
8322,47955,1
8323,47956,1
8324,47957,1
8325,47958,1
8326,47959,1
8327,47960,1
8328,47961,1
8329,47962,1
8330,47963,1
8338,47971,1
8345,47978,1
8353,47986,1
8355,47988,1
8360,47990,1
8379,48009,1
8380,48010,1
8381,48011,1
8382,48012,1
8383,48013,1
8384,48014,1
8386,48016,1
8387,48017,1
8391,48021,1
8397,48024,1
8398,48025,1
8399,48026,1
8405,48029,1
8406,48030,1
8407,48031,1
8409,48033,1
8410,48034,1
8411,48035,1
8412,48036,1
8413,48037,1
8414,48038,1
8415,48039,1
8416,48040,1
8418,48042,1
8420,48044,1
8421,48045,1
8422,48046,1
8423,48047,1
8429,48051,1
8430,48052,1
8431,48053,1
8432,48054,1
8433,48055,1
8438,48060,1
8439,48061,1
8440,48062,1
8441,48063,1
8442,48064,1
8443,48065,1
8444,48066,1
8446,48068,1
8448,48070,1
8451,48073,1
8452,48074,1
8455,48077,1
8458,48080,1
8459,48081,1
8460,48082,1
8461,48083,1
8463,48085,1
8464,48086,1
8465,48087,1
8466,48088,1
8467,48089,1
8468,48090,1
8469,48091,1
8470,48092,1
8471,48093,1
8472,48094,1
8474,48096,1
8475,48097,1
8476,48098,1
8477,48099,1
8478,48100,1
8479,48101,1
8481,48103,1
8482,48104,1
8483,48105,1
8484,48106,1
8485,48107,1
8486,48108,1
8487,48109,1
8488,48110,1
8489,48111,1
8490,48112,1
8491,48113,1
8493,48115,1
8496,48118,1
8498,48120,1
8501,48123,1
8503,48125,1
8506,48128,1
8507,48129,1
8509,48131,1
8510,48132,1
8511,48133,1
8512,48134,1
8513,48135,1
8515,48137,1
8519,48141,1
8521,48143,1
8522,48144,1
8523,48145,1
8533,48149,1
8534,48150,1
8535,48151,1
8542,48154,1
8543,48155,1
8547,48157,1
8548,48158,1
8549,48159,1
8558,48162,1
8565,48165,1
8575,48168,1
8576,48169,1
8577,48170,1
8578,48171,1
8579,48172,1
8580,48173,1
8582,48175,1
8583,48176,1
8584,48177,1
8585,48178,1
8588,48181,1
8591,48184,1
8592,48185,1
8593,48186,1
8596,48187,1
8598,48189,1
8619,48220,1
8620,48221,1
8621,48222,1
8622,48223,1
8623,48224,1
8624,48225,1
8625,48226,1
8629,48230,1
8630,48231,1
8631,48232,1
8632,48233,1
8634,48235,1
8635,48236,1
8636,48237,1
8637,48238,1
8638,48239,1
8639,48240,1
8640,48241,1
8641,48242,1
8642,48243,1
8643,48244,1
8644,48245,1
8645,48246,1
8646,48247,1
8647,48248,1
8649,48250,1
8665,48265,1
8678,48278,1
8680,48280,1
8682,48282,1
8683,48283,1
8685,48285,1
8686,48286,1
8694,48294,1
8695,48295,1
8696,48296,1
8698,48298,1
8699,48299,1
8708,48308,1
8709,48309,1
8710,48310,1
8711,48311,1
8713,48313,1
8715,48315,1
8716,48316,1
8717,48317,1
8718,48318,1
8720,48320,1
8721,48321,1
8722,48322,1
8726,48326,1
8730,48330,1
8732,48332,1
8735,48335,1
8736,48336,1
8740,48338,1
8741,48339,1
8742,48340,1
8744,48342,1
8748,48346,1
8750,48348,1
8753,48351,1
8754,48352,1
8761,48357,1
8762,48358,1
8763,48359,1
8764,48360,1
8765,48361,1
8766,48362,1
8767,48363,1
8768,48364,1
8769,48365,1
8770,48366,1
8772,48368,1
8773,48369,1
8774,48370,1
8778,48374,1
8781,48377,1
8782,48378,1
8783,48379,1
8784,48380,1
8786,48382,1
8787,48383,1
8788,48384,1
8789,48385,1
8790,48386,1
8791,48387,1
8795,48389,1
8799,48393,1
8808,48398,1
8809,48399,1
8814,48402,1
8817,48405,1
8818,48406,1
8819,48407,1
8820,48408,1
8821,48409,1
8823,48411,1
8826,48414,1
8827,48415,1
8828,48416,1
8829,48417,1
8830,48418,1
8832,48420,1
8834,48422,1
8839,48427,1
8841,48429,1
8848,48436,1
8849,48437,1
8851,48439,1
8853,48441,1
8855,48443,1
8858,48446,1
8859,48447,1
8860,48448,1
8861,48449,1
8862,48450,1
8864,48452,1
8866,48454,1
8867,48455,1
8868,48456,1
8869,48457,1
8871,48459,1
8874,48462,1
8875,48463,1
8876,48464,1
8884,48472,1
8885,48473,1
8886,48474,1
8887,48475,1
8888,48476,1
8889,48477,1
8891,48479,1
8894,48482,1
8895,48483,1
8896,48484,1
8898,48486,1
8899,48487,1
8900,48488,1
8901,48489,1
8902,48490,1
8903,48491,1
8910,48498,1
8915,48503,1
8916,48504,1
8917,48505,1
8919,48507,1
8920,48508,1
8927,48515,1
8929,48517,1
8932,48520,1
8933,48521,1
8934,48522,1
8939,48527,1
8941,48529,1
8942,48530,1
8943,48531,1
8944,48532,1
8946,48534,1
8957,48545,1
8958,48546,1
8959,48547,1
8960,48548,1
8966,48554,1
8967,48555,1
8970,48558,1
8972,48560,1
8973,48561,1
8980,48568,1
8981,48569,1
8982,48570,1
8983,48571,1
8984,48572,1
8985,48573,1
8986,48574,1
8987,48575,1
8988,48576,1
8989,48577,1
8990,48578,1
8991,48579,1
8996,48584,1
8998,48586,1
9001,48589,1
9002,48590,1
9004,48592,1
9008,48596,1
9009,48597,1
9012,48600,1
9016,48602,1
9018,48604,1
9020,48606,1
9021,48607,1
9022,48608,1
9024,48610,1
9025,48611,1
9026,48612,1
9031,48617,1
9034,48620,1
9035,48621,1
9036,48622,1
9037,48623,1
9038,48624,1
9039,48625,1
9045,48631,1
9047,48633,1
9050,48636,1
9054,48640,1
9055,48641,1
9056,48642,1
9057,48643,1
9058,48644,1
9059,48645,1
9060,48646,1
9061,48647,1
9062,48648,1
9063,48649,1
9064,48650,1
9065,48651,1
9066,48652,1
9067,48653,1
9069,48655,1
9073,48659,1
9078,48664,1
9083,48669,1
9085,48671,1
9087,48673,1
9092,48678,1
9094,48680,1
9102,48686,1
9103,48687,1
9104,48688,1
9106,48690,1
9107,48691,1
9110,48694,1
9111,48695,1
9116,48700,1
9120,48704,1
9121,48705,1
9128,48712,1
9130,48714,1
9132,48716,1
9133,48717,1
9134,48718,1
9135,48719,1
9136,48720,1
9137,48721,1
9141,48723,1
9145,48725,1
9147,48727,1
9148,48728,1
9150,48730,1
9154,48734,1
9156,48736,1
9157,48737,1
9158,48738,1
9159,48739,1
9160,48740,1
9161,48741,1
9163,48743,1
9164,48744,1
9165,48745,1
9166,48746,1
9167,48747,1
9171,48749,1
9172,48750,1
9173,48751,1
9174,48752,1
9175,48753,1
9176,48754,1
9178,48756,1
9179,48757,1
9180,48758,1
9181,48759,1
9182,48760,1
9183,48761,1
9184,48762,1
9185,48763,1
9186,48764,1
9187,48765,1
9188,48766,1
9189,48767,1
9190,48768,1
9191,48769,1
9192,48770,1
9193,48771,1
9194,48772,1
9195,48773,1
9197,48775,1
9198,48776,1
9199,48777,1
9201,48779,1
9202,48780,1
9203,48781,1
9204,48782,1
9205,48783,1
9209,48785,1
9212,48788,1
9214,48790,1
9218,48792,1
9222,48794,1
9223,48795,1
9225,48797,1
9227,48799,1
9228,48800,1
9230,48802,1
9232,48804,1
9233,48805,1
9234,48806,1
9235,48807,1
9236,48808,1
9237,48809,1
9239,48811,1
9240,48812,1
9242,48814,1
9243,48815,1
9244,48816,1
9245,48817,1
9246,48818,1
9247,48819,1
9248,48820,1
9252,48824,1
9256,48828,1
9260,48832,1
9261,48833,1
9263,48835,1
9265,48837,1
9267,48839,1
9272,48844,1
9274,48846,1
9278,48850,1
9280,48852,1
9282,48854,1
9285,48857,1
9288,48860,1
9290,48862,1
9291,48863,1
9295,48867,1
9302,48872,1
9303,48873,1
9305,48875,1
9309,48879,1
9311,48881,1
9313,48883,1
9315,48885,1
9316,48886,1
9317,48887,1
9318,48888,1
9321,48891,1
9322,48892,1
9324,48894,1
9325,48895,1
9326,48896,1
9327,48897,1
9328,48898,1
9330,48900,1
9332,48902,1
9334,48904,1
9336,48906,1
9337,48907,1
9338,48908,1
9339,48909,1
9341,48911,1
9342,48912,1
9343,48913,1
9344,48914,1
9346,48916,1
9348,48918,1
9352,48922,1
9353,48923,1
9354,48924,1
9355,48925,1
9356,48926,1
9357,48927,1
9358,48928,1
9359,48929,1
9360,48930,1
9362,48932,1
9363,48933,1
9366,48936,1
9367,48937,1
9368,48938,1
9369,48939,1
9370,48940,1
9371,48941,1
9372,48942,1
9374,48944,1
9375,48945,1
9376,48946,1
9379,48949,1
9380,48950,1
9381,48951,1
9382,48952,1
9383,48953,1
9384,48954,1
9386,48956,1
9387,48957,1
9388,48958,1
9389,48959,1
9390,48960,1
9391,48961,1
9392,48962,1
9393,48963,1
9394,48964,1
9395,48965,1
9396,48966,1
9397,48967,1
9399,48969,1
9401,48971,1
9402,48972,1
9404,48974,1
9405,48975,1
9406,48976,1
9409,48979,1
9410,48980,1
9411,48981,1
9412,48982,1
9414,48984,1
9415,48985,1
9422,48990,1
10458,49953,1
10460,49955,1
10462,49957,1
10463,49958,1
10464,49959,1
10466,49961,1
10467,49962,1
10469,49964,1
10470,49965,1
10471,49966,1
10473,49968,1
10474,49969,1
10475,49970,1
10476,49971,1
10477,49972,1
10478,49973,1
10479,49974,1
10481,49976,1
10482,49977,1
10483,49978,1
10484,49979,1
10485,49980,1
10486,49981,1
10488,49983,1
10489,49984,1
10490,49985,1
10491,49986,1
10492,49987,1
10493,49988,1
10494,49989,1
10495,49990,1
10496,49991,1
10497,49992,1
10498,49993,1
10500,49995,1
10501,49996,1
10502,49997,1
10503,49998,1
10504,49999,1
10505,50000,1
10506,50001,1
10508,50003,1
10510,50005,1
10512,50007,1
10513,50008,1
10514,50009,1
10515,50010,1
10517,50012,1
10519,50014,1
10521,50016,1
10522,50017,1
10523,50018,1
10524,50019,1
10525,50020,1
10526,50021,1
10527,50022,1
10528,50023,1
10530,50025,1
10531,50026,1
10532,50027,1
10533,50028,1
10534,50029,1
10535,50030,1
10536,50031,1
10537,50032,1
10538,50033,1
10539,50034,1
10540,50035,1
10542,50037,1
10544,50039,1
10545,50040,1
10546,50041,1
10547,50042,1
10548,50043,1
10549,50044,1
10550,50045,1
10551,50046,1
10552,50047,1
10554,50049,1
10556,50051,1
10557,50052,1
10558,50053,1
10559,50054,1
10560,50055,1
10562,50057,1
10564,50059,1
10565,50060,1
10566,50061,1
10567,50062,1
10569,50064,1
10570,50065,1
10572,50067,1
10573,50068,1
10574,50069,1
10575,50070,1
10576,50071,1
10577,50072,1
10578,50073,1
10579,50074,1
10580,50075,1
10581,50076,1
10582,50077,1
10583,50078,1
10584,50079,1
10585,50080,1
10586,50081,1
10587,50082,1
10589,50084,1
10591,50086,1
10593,50088,1
10595,50090,1
10597,50092,1
10599,50094,1
10601,50096,1
10603,50098,1
10605,50100,1
10607,50102,1
10609,50104,1
10610,50105,1
10614,50109,1
10615,50110,1
10616,50111,1
10620,50113,1
10621,50114,1
10622,50115,1
10624,50117,1
10627,50120,1
10629,50122,1
10630,50123,1
10631,50124,1
10632,50125,1
10633,50126,1
10634,50127,1
10635,50128,1
10636,50129,1
10637,50130,1
10638,50131,1
10643,50136,1
10644,50137,1
10645,50138,1
10646,50139,1
10647,50140,1
10648,50141,1
10649,50142,1
10650,50143,1
10651,50144,1
10652,50145,1
10653,50146,1
10654,50147,1
10656,50149,1
10657,50150,1
10659,50152,1
10664,50155,1
10665,50156,1
10666,50157,1
10667,50158,1
10668,50159,1
10669,50160,1
10670,50161,1
10671,50162,1
10672,50163,1
10674,50165,1
10676,50167,1
10677,50168,1
10678,50169,1
10679,50170,1
10680,50171,1
10681,50172,1
10682,50173,1
10683,50174,1
10684,50175,1
10687,50176,1
10688,50177,1
10689,50178,1
10690,50179,1
10691,50180,1
10692,50181,1
10694,50183,1
10695,50184,1
10696,50185,1
10698,50187,1
10699,50188,1
10700,50189,1
10701,50190,1
10702,50191,1
10703,50192,1
10704,50193,1
10705,50194,1
10706,50195,1
10707,50196,1
10710,50199,1
10711,50200,1
10713,50202,1
10717,50206,1
10719,50208,1
10720,50209,1
10721,50210,1
10722,50211,1
10724,50213,1
10725,50214,1
10726,50215,1
10727,50216,1
10729,50218,1
10730,50219,1
10731,50220,1
10732,50221,1
10734,50223,1
10735,50224,1
10736,50225,1
10738,50227,1
10739,50228,1
10740,50229,1
10741,50230,1
10742,50231,1
10743,50232,1
10744,50233,1
10745,50234,1
10746,50235,1
10751,50240,1
10753,50242,1
10754,50243,1
10755,50244,1
10756,50245,1
10757,50246,1
10758,50247,1
10759,50248,1
10760,50249,1
10761,50250,1
10762,50251,1
10767,50256,1
10768,50257,1
10769,50258,1
10770,50259,1
10771,50260,1
10774,50263,1
10775,50264,1
10776,50265,1
10778,50267,1
10780,50269,1
10781,50270,1
10783,50272,1
10785,50274,1
10787,50276,1
10789,50278,1
10790,50279,1
10793,50282,1
10795,50284,1
10798,50287,1
10799,50288,1
10800,50289,1
10803,50292,1
10804,50293,1
10806,50295,1
10807,50296,1
10812,50299,1
10813,50300,1
10814,50301,1
10815,50302,1
10816,50303,1
10817,50304,1
10818,50305,1
10819,50306,1
10820,50307,1
10821,50308,1
10822,50309,1
10823,50310,1
10824,50311,1
10825,50312,1
10826,50313,1
10827,50314,1
10828,50315,1
10829,50316,1
10830,50317,1
10832,50319,1
10833,50320,1
10834,50321,1
10836,50323,1
10837,50324,1
10838,50325,1
10839,50326,1
10840,50327,1
10841,50328,1
10843,50330,1
10844,50331,1
10845,50332,1
10848,50335,1
10849,50336,1
10850,50337,1
10852,50339,1
10854,50341,1
10857,50344,1
10858,50345,1
10859,50346,1
10860,50347,1
10861,50348,1
10862,50349,1
10863,50350,1
10864,50351,1
10865,50352,1
10867,50354,1
10868,50355,1
10869,50356,1
10870,50357,1
10873,50360,1
10875,50362,1
10877,50364,1
10880,50367,1
10884,50371,1
10885,50372,1
10886,50373,1
10890,50377,1
10893,50380,1
10894,50381,1
10895,50382,1
10896,50383,1
10897,50384,1
10898,50385,1
10899,50386,1
10900,50387,1
10901,50388,1
10903,50390,1
10905,50392,1
10906,50393,1
10907,50394,1
10909,50396,1
10910,50397,1
10911,50398,1
10912,50399,1
10914,50401,1
10915,50402,1
10916,50403,1
10918,50405,1
10919,50406,1
10920,50407,1
10921,50408,1
10923,50410,1
10924,50411,1
10925,50412,1
10926,50413,1
10928,50415,1
10929,50416,1
10930,50417,1
10931,50418,1
10933,50420,1
10934,50421,1
10935,50422,1
10936,50423,1
10938,50425,1
10940,50427,1
10942,50429,1
10943,50430,1
10947,50434,1
10948,50435,1
10949,50436,1
10951,50438,1
10954,50441,1
10956,50443,1
10957,50444,1
10958,50445,1
10959,50446,1
10960,50447,1
10961,50448,1
10962,50449,1
10966,50451,1
10967,50452,1
10968,50453,1
10969,50454,1
10970,50455,1
10971,50456,1
10972,50457,1
10973,50458,1
10974,50459,1
10975,50460,1
10984,50469,1
10988,50471,1
10989,50472,1
10990,50473,1
10991,50474,1
10993,50476,1
10995,50478,1
10997,50480,1
10998,50481,1
11000,50483,1
11001,50484,1
11002,50485,1
11003,50486,1
11004,50487,1
11005,50488,1
11006,50489,1
11008,50491,1
11010,50493,1
11012,50495,1
11018,50501,1
11020,50503,1
11022,50505,1
11026,50509,1
11030,50513,1
11031,50514,1
11032,50515,1
11034,50517,1
11035,50518,1
11037,50520,1
11039,50522,1
11040,50523,1
11041,50524,1
11042,50525,1
11043,50526,1
11044,50527,1
11045,50528,1
11046,50529,1
11047,50530,1
11049,50532,1
11050,50533,1
11051,50534,1
11052,50535,1
11053,50536,1
11054,50537,1
11055,50538,1
11056,50539,1
11058,50541,1
11060,50543,1
11062,50545,1
11063,50546,1
11064,50547,1
11066,50549,1
11068,50551,1
11071,50554,1
11073,50556,1
11074,50557,1
11077,50560,1
11078,50561,1
11080,50563,1
11081,50564,1
11082,50565,1
11083,50566,1
11085,50568,1
11087,50570,1
11089,50572,1
11090,50573,1
11091,50574,1
11092,50575,1
11093,50576,1
11095,50578,1
11096,50579,1
11099,50582,1
11100,50583,1
11101,50584,1
11103,50586,1
11105,50588,1
11106,50589,1
11107,50590,1
11109,50592,1
11111,50594,1
11113,50596,1
11116,50599,1
11117,50600,1
11118,50601,1
11120,50603,1
11121,50604,1
11122,50605,1
11123,50606,1
11126,50609,1
11127,50610,1
11129,50612,1
11130,50613,1
11131,50614,1
11132,50615,1
11133,50616,1
11134,50617,1
11135,50618,1
11136,50619,1
11137,50620,1
11138,50621,1
11140,50623,1
11143,50626,1
11147,50630,1
11148,50631,1
11149,50632,1
11150,50633,1
11151,50634,1
11152,50635,1
11153,50636,1
11154,50637,1
11156,50639,1
11158,50641,1
11159,50642,1
11160,50643,1
11161,50644,1
11162,50645,1
11163,50646,1
11164,50647,1
11165,50648,1
11166,50649,1
11167,50650,1
11168,50651,1
11169,50652,1
11172,50655,1
11173,50656,1
11174,50657,1
11175,50658,1
11176,50659,1
11178,50661,1
11179,50662,1
11180,50663,1
11182,50665,1
11184,50667,1
11185,50668,1
11187,50670,1
11188,50671,1
11191,50674,1
11193,50676,1
11194,50677,1
11195,50678,1
11198,50681,1
11199,50682,1
11200,50683,1
11201,50684,1
11202,50685,1
11203,50686,1
11204,50687,1
11205,50688,1
11207,50690,1
11211,50694,1
11212,50695,1
11213,50696,1
11214,50697,1
11215,50698,1
11216,50699,1
11217,50700,1
11218,50701,1
11221,50703,1
11223,50705,1
11224,50706,1
11225,50707,1
11226,50708,1
11227,50709,1
11229,50711,1
11230,50712,1
11231,50713,1
11232,50714,1
11233,50715,1
11234,50716,1
11236,50718,1
11237,50719,1
11238,50720,1
11240,50722,1
11241,50723,1
11242,50724,1
11243,50725,1
11244,50726,1
11246,50728,1
11247,50729,1
11248,50730,1
11249,50731,1
11251,50733,1
11252,50734,1
11253,50735,1
11254,50736,1
11256,50738,1
11258,50740,1
11259,50741,1
11260,50742,1
11261,50743,1
11262,50744,1
11263,50745,1
11265,50747,1
11266,50748,1
11267,50749,1
11268,50750,1
11269,50751,1
11270,50752,1
11271,50753,1
11272,50754,1
11273,50755,1
11275,50757,1
11276,50758,1
11278,50760,1
11280,50762,1
11281,50763,1
11282,50764,1
11283,50765,1
11287,50767,1
11288,50768,1
11289,50769,1
11290,50770,1
11291,50771,1
11292,50772,1
11293,50773,1
11302,50782,1
11306,50784,1
11307,50785,1
11308,50786,1
11309,50787,1
11310,50788,1
11311,50789,1
11316,50792,1
11317,50793,1
11318,50794,1
11319,50795,1
11320,50796,1
11321,50797,1
11322,50798,1
11323,50799,1
11324,50800,1
11326,50802,1
11327,50803,1
11328,50804,1
11329,50805,1
11331,50807,1
11332,50808,1
11333,50809,1
11334,50810,1
11335,50811,1
11336,50812,1
11337,50813,1
11338,50814,1
11339,50815,1
11340,50816,1
11342,50818,1
11343,50819,1
11345,50821,1
11346,50822,1
11347,50823,1
11350,50826,1
11351,50827,1
11352,50828,1
11353,50829,1
11354,50830,1
11355,50831,1
11356,50832,1
11358,50834,1
11359,50835,1
11360,50836,1
11361,50837,1
11362,50838,1
11363,50839,1
11364,50840,1
11367,50843,1
11371,50845,1
11372,50846,1
11373,50847,1
11374,50848,1
11375,50849,1
11376,50850,1
11378,50852,1
11380,50854,1
11381,50855,1
11385,50859,1
11386,50860,1
11387,50861,1
11388,50862,1
11390,50864,1
11391,50865,1
11392,50866,1
11396,50868,1
11400,50870,1
11402,50872,1
11406,50876,1
11408,50878,1
11409,50879,1
11411,50881,1
11417,50887,1
11419,50889,1
11421,50891,1
11422,50892,1
11423,50893,1
11424,50894,1
11425,50895,1
11426,50896,1
11427,50897,1
11428,50898,1
11429,50899,1
11430,50900,1
11431,50901,1
11435,50905,1
11436,50906,1
11437,50907,1
11438,50908,1
11442,50910,1
11443,50911,1
11444,50912,1
11446,50914,1
11447,50915,1
11448,50916,1
11449,50917,1
11450,50918,1
11451,50919,1
11455,50923,1
11457,50925,1
11458,50926,1
11459,50927,1
11463,50929,1
11464,50930,1
11467,50933,1
11468,50934,1
11470,50936,1
11471,50937,1
11472,50938,1
11473,50939,1
11474,50940,1
11475,50941,1
11477,50943,1
11479,50945,1
11481,50947,1
11482,50948,1
11483,50949,1
11485,50951,1
11486,50952,1
11487,50953,1
11488,50954,1
11489,50955,1
11490,50956,1
11491,50957,1
11492,50958,1
11493,50959,1
11494,50960,1
11495,50961,1
11496,50962,1
11497,50963,1
11498,50964,1
11499,50965,1
11500,50966,1
11503,50969,1
11508,50974,1
11513,50977,1
11514,50978,1
11515,50979,1
11516,50980,1
11517,50981,1
11519,50983,1
11520,50984,1
11521,50985,1
11522,50986,1
11523,50987,1
11524,50988,1
11525,50989,1
11526,50990,1
11527,50991,1
11528,50992,1
11529,50993,1
11530,50994,1
11531,50995,1
11532,50996,1
11536,50998,1
11539,51001,1
11541,51003,1
11542,51004,1
11543,51005,1
11546,51008,1
11548,51010,1
11550,51012,1
11552,51014,1
11553,51015,1
11555,51017,1
11557,51019,1
11558,51020,1
11559,51021,1
11561,51023,1
11566,51028,1
11567,51029,1
11568,51030,1
11569,51031,1
11570,51032,1
11571,51033,1
11572,51034,1
11573,51035,1
11574,51036,1
11575,51037,1
11578,51040,1
11580,51042,1
11581,51043,1
11582,51044,1
11583,51045,1
11585,51047,1
11586,51048,1
11588,51050,1
11592,51054,1
11594,51056,1
11595,51057,1
11596,51058,1
11597,51059,1
11598,51060,1
11599,51061,1
11600,51062,1
11601,51063,1
11602,51064,1
11603,51065,1
11604,51066,1
11605,51067,1
11606,51068,1
11607,51069,1
11608,51070,1
11609,51071,1
11613,51075,1
11618,51080,1
11620,51082,1
11622,51084,1
11623,51085,1
11624,51086,1
11625,51087,1
11631,51093,1
11634,51096,1
11635,51097,1
11636,51098,1
11638,51100,1
11640,51102,1
11645,51107,1
11646,51108,1
11647,51109,1
11648,51110,1
11649,51111,1
11650,51112,1
11652,51114,1
11654,51116,1
11655,51117,1
11656,51118,1
11657,51119,1
11659,51121,1
11663,51125,1
11664,51126,1
11666,51128,1
11667,51129,1
11668,51130,1
11669,51131,1
11672,51134,1
11673,51135,1
11674,51136,1
11676,51138,1
11679,51141,1
11682,51144,1
11684,51146,1
11685,51147,1
11686,51148,1
11687,51149,1
11688,51150,1
11696,51158,1
11704,51166,1
11705,51167,1
11706,51168,1
11707,51169,1
11708,51170,1
11709,51171,1
11712,51174,1
11713,51175,1
11714,51176,1
11715,51177,1
11716,51178,1
11717,51179,1
11718,51180,1
11719,51181,1
11723,51183,1
11724,51184,1
11725,51185,1
11727,51187,1
11729,51189,1
11730,51190,1
11731,51191,1
11732,51192,1
11733,51193,1
11734,51194,1
11735,51195,1
11736,51196,1
11737,51197,1
11738,51198,1
11739,51199,1
11740,51200,1
11741,51201,1
11742,51202,1
11743,51203,1
11745,51205,1
11750,51210,1
11751,51211,1
11752,51212,1
11753,51213,1
11757,51215,1
11759,51217,1
11761,51219,1
11762,51220,1
11763,51221,1
11764,51222,1
11765,51223,1
11766,51224,1
11767,51225,1
11768,51226,1
11771,51227,1
11772,51228,1
11773,51229,1
11774,51230,1
11775,51231,1
11777,51233,1
11778,51234,1
11779,51235,1
11780,51236,1
11781,51237,1
11783,51239,1
11784,51240,1
11785,51241,1
11786,51242,1
11787,51243,1
11788,51244,1
11789,51245,1
11790,51246,1
11791,51247,1
11793,51249,1
11794,51250,1
11795,51251,1
11796,51252,1
11797,51253,1
11800,51256,1
11801,51257,1
11802,51258,1
11803,51259,1
11805,51261,1
11806,51262,1
11808,51264,1
11809,51265,1
11810,51266,1
11811,51267,1
11812,51268,1
11814,51270,1
11815,51271,1
11817,51273,1
11818,51274,1
11819,51275,1
11820,51276,1
11821,51277,1
11822,51278,1
11823,51279,1
11825,51281,1
11827,51283,1
11829,51285,1
11834,51290,1
11836,51292,1
11837,51293,1
11841,51295,1
11842,51296,1
11843,51297,1
11845,51299,1
11847,51301,1
11848,51302,1
11850,51304,1
11851,51305,1
11852,51306,1
11853,51307,1
11854,51308,1
11855,51309,1
11859,51311,1
11860,51312,1
11861,51313,1
11862,51314,1
11864,51316,1
11865,51317,1
11866,51318,1
11867,51319,1
11868,51320,1
11869,51321,1
11870,51322,1
11873,51325,1
11876,51328,1
11878,51330,1
11880,51332,1
11881,51333,1
11882,51334,1
11884,51336,1
11885,51337,1
11888,51340,1
11889,51341,1
11890,51342,1
11892,51344,1
11893,51345,1
11896,51348,1
11898,51350,1
11900,51352,1
11901,51353,1
11902,51354,1
11903,51355,1
11907,51357,1
11909,51359,1
11910,51360,1
11911,51361,1
11912,51362,1
11913,51363,1
11915,51365,1
11916,51366,1
11920,51368,1
11921,51369,1
11922,51370,1
11923,51371,1
11924,51372,1
11925,51373,1
11926,51374,1
11927,51375,1
11929,51377,1
11930,51378,1
11932,51380,1
11936,51382,1
11937,51383,1
11939,51385,1
11944,51390,1
11945,51391,1
11946,51392,1
11947,51393,1
11948,51394,1
11954,51400,1
11959,51405,1
11960,51406,1
11962,51408,1
11964,51410,1
11968,51414,1
11969,51415,1
11970,51416,1
11971,51417,1
11975,51421,1
11977,51423,1
11978,51424,1
11982,51426,1
11984,51428,1
11986,51430,1
11987,51431,1
11989,51433,1
11993,51435,1
11995,51437,1
11997,51439,1
11998,51440,1
11999,51441,1
12000,51442,1
12001,51443,1
12002,51444,1
12003,51445,1
12004,51446,1
12005,51447,1
12006,51448,1
12009,51451,1
12010,51452,1
12011,51453,1
12012,51454,1
12013,51455,1
12015,51457,1
12017,51459,1
12019,51461,1
12020,51462,1
12021,51463,1
12022,51464,1
12025,51467,1
12026,51468,1
12027,51469,1
12028,51470,1
12029,51471,1
12030,51472,1
12031,51473,1
12032,51474,1
12033,51475,1
12034,51476,1
12035,51477,1
12036,51478,1
12038,51480,1
12040,51482,1
12043,51483,1
12045,51485,1
12046,51486,1
12047,51487,1
12049,51489,1
12050,51490,1
12051,51491,1
12052,51492,1
12054,51494,1
12056,51496,1
12057,51497,1
12058,51498,1
12059,51499,1
12061,51501,1
12063,51503,1
12064,51504,1
12065,51505,1
12066,51506,1
12067,51507,1
12069,51509,1
12070,51510,1
12071,51511,1
12072,51512,1
12073,51513,1
12074,51514,1
12075,51515,1
12077,51517,1
12079,51519,1
12080,51520,1
12081,51521,1
12082,51522,1
12084,51524,1
12085,51525,1
12089,51529,1
12090,51530,1
12092,51532,1
12094,51534,1
12098,51536,1
12099,51537,1
12100,51538,1
12101,51539,1
12102,51540,1
12104,51542,1
12105,51543,1
12106,51544,1
12107,51545,1
12108,51546,1
12110,51548,1
12112,51550,1
12114,51552,1
12115,51553,1
12118,51556,1
12120,51558,1
12121,51559,1
12122,51560,1
12123,51561,1
12124,51562,1
12126,51564,1
12129,51567,1
12131,51569,1
12132,51570,1
12133,51571,1
12134,51572,1
12136,51574,1
12140,51578,1
12141,51579,1
12143,51581,1
12144,51582,1
12148,51584,1
12149,51585,1
12150,51586,1
12151,51587,1
12155,51591,1
12156,51592,1
12157,51593,1
12158,51594,1
12159,51595,1
12160,51596,1
12161,51597,1
12162,51598,1
12163,51599,1
12164,51600,1
12165,51601,1
12167,51603,1
12171,51605,1
12172,51606,1
12173,51607,1
12174,51608,1
12175,51609,1
12176,51610,1
12179,51613,1
12180,51614,1
12181,51615,1
12182,51616,1
12183,51617,1
12184,51618,1
12185,51619,1
12187,51621,1
12188,51622,1
12189,51623,1
12190,51624,1
12192,51626,1
12193,51627,1
12194,51628,1
12195,51629,1
12196,51630,1
12197,51631,1
12198,51632,1
12199,51633,1
12200,51634,1
12201,51635,1
12202,51636,1
12203,51637,1
12204,51638,1
12205,51639,1
12206,51640,1
12207,51641,1
12208,51642,1
12209,51643,1
12211,51645,1
12212,51646,1
12213,51647,1
12215,51649,1
12216,51650,1
12217,51651,1
12220,51654,1
12222,51656,1
12224,51658,1
12225,51659,1
12226,51660,1
12227,51661,1
12230,51664,1
12231,51665,1
12232,51666,1
12233,51667,1
12234,51668,1
12235,51669,1
12236,51670,1
12237,51671,1
12238,51672,1
12239,51673,1
12240,51674,1
12241,51675,1
12242,51676,1
12243,51677,1
12244,51678,1
12245,51679,1
12246,51680,1
12247,51681,1
12248,51682,1
12249,51683,1
12250,51684,1
12251,51685,1
12252,51686,1
12253,51687,1
12254,51688,1
12255,51689,1
12256,51690,1
12259,51693,1
12261,51695,1
12262,51696,1
12263,51697,1
12265,51699,1
12266,51700,1
12267,51701,1
12268,51702,1
12269,51703,1
12270,51704,1
12271,51705,1
12272,51706,1
12273,51707,1
12274,51708,1
12275,51709,1
12276,51710,1
12277,51711,1
12281,51715,1
12282,51716,1
12283,51717,1
12284,51718,1
12285,51719,1
12287,51721,1
12289,51723,1
12293,51725,1
12295,51727,1
12299,51731,1
12301,51733,1
12302,51734,1
12305,51737,1
12306,51738,1
12307,51739,1
12308,51740,1
12311,51743,1
12312,51744,1
12313,51745,1
12314,51746,1
12315,51747,1
12316,51748,1
12317,51749,1
12318,51750,1
12319,51751,1
12320,51752,1
12321,51753,1
12322,51754,1
12323,51755,1
12324,51756,1
12328,51758,1
12329,51759,1
12330,51760,1
12331,51761,1
12332,51762,1
12333,51763,1
12334,51764,1
12335,51765,1
12336,51766,1
12337,51767,1
12338,51768,1
12340,51770,1
12341,51771,1
12342,51772,1
12343,51773,1
12344,51774,1
12345,51775,1
12346,51776,1
12347,51777,1
12348,51778,1
12349,51779,1
12350,51780,1
12351,51781,1
12352,51782,1
12353,51783,1
12354,51784,1
12355,51785,1
12356,51786,1
12358,51788,1
12359,51789,1
12360,51790,1
12361,51791,1
12362,51792,1
12363,51793,1
12364,51794,1
12365,51795,1
12366,51796,1
12369,51799,1
12371,51801,1
12372,51802,1
12373,51803,1
12374,51804,1
12378,51806,1
12379,51807,1
12380,51808,1
12382,51810,1
12383,51811,1
12384,51812,1
12387,51815,1
12388,51816,1
12389,51817,1
12390,51818,1
12391,51819,1
12392,51820,1
12393,51821,1
12394,51822,1
12395,51823,1
12396,51824,1
12397,51825,1
12399,51827,1
12401,51829,1
12402,51830,1
12403,51831,1
12404,51832,1
12405,51833,1
12406,51834,1
12407,51835,1
12408,51836,1
12409,51837,1
12410,51838,1
12411,51839,1
12415,51841,1
12420,51846,1
12421,51847,1
12423,51849,1
12427,51853,1
12428,51854,1
12430,51856,1
12431,51857,1
12432,51858,1
12433,51859,1
12436,51862,1
12437,51863,1
12438,51864,1
12439,51865,1
12440,51866,1
12441,51867,1
12442,51868,1
12446,51870,1
12448,51872,1
12449,51873,1
12450,51874,1
12451,51875,1
12452,51876,1
12453,51877,1
12454,51878,1
12455,51879,1
12456,51880,1
12457,51881,1
12458,51882,1
12459,51883,1
12460,51884,1
12462,51886,1
12463,51887,1
12465,51889,1
12467,51891,1
12468,51892,1
12469,51893,1
12470,51894,1
12471,51895,1
12472,51896,1
12473,51897,1
12474,51898,1
12476,51900,1
12477,51901,1
12478,51902,1
12479,51903,1
12480,51904,1
12481,51905,1
12482,51906,1
12483,51907,1
12485,51909,1
12486,51910,1
12487,51911,1
12488,51912,1
12489,51913,1
12490,51914,1
12492,51916,1
12494,51918,1
12495,51919,1
12496,51920,1
12497,51921,1
12499,51923,1
12500,51924,1
12501,51925,1
12502,51926,1
12504,51928,1
12505,51929,1
12506,51930,1
12507,51931,1
12508,51932,1
12509,51933,1
12510,51934,1
12511,51935,1
12513,51937,1
12514,51938,1
12515,51939,1
12516,51940,1
12517,51941,1
12518,51942,1
12519,51943,1
12520,51944,1
12521,51945,1
12522,51946,1
12523,51947,1
12524,51948,1
12525,51949,1
12526,51950,1
12527,51951,1
12528,51952,1
12530,51954,1
12531,51955,1
12532,51956,1
12534,51958,1
12535,51959,1
12537,51961,1
12538,51962,1
12540,51964,1
12541,51965,1
12543,51967,1
12544,51968,1
12545,51969,1
12546,51970,1
12548,51972,1
12549,51973,1
12553,51977,1
12556,51980,1
12557,51981,1
12562,51984,1
12563,51985,1
12564,51986,1
12567,51989,1
12568,51990,1
12569,51991,1
12570,51992,1
12571,51993,1
12572,51994,1
12574,51996,1
12576,51998,1
12578,52000,1
12580,52002,1
12581,52003,1
12582,52004,1
12583,52005,1
12584,52006,1
12585,52007,1
12586,52008,1
12587,52009,1
12591,52011,1
12592,52012,1
12595,52015,1
12596,52016,1
12597,52017,1
12598,52018,1
12599,52019,1
12600,52020,1
12601,52021,1
12602,52022,1
12608,52028,1
12609,52029,1
12610,52030,1
12612,52032,1
12613,52033,1
12614,52034,1
12615,52035,1
12616,52036,1
12617,52037,1
12618,52038,1
12619,52039,1
12620,52040,1
12621,52041,1
12622,52042,1
12623,52043,1
12624,52044,1
12625,52045,1
12626,52046,1
12627,52047,1
12628,52048,1
12629,52049,1
12630,52050,1
12631,52051,1
12633,52053,1
12634,52054,1
12638,52056,1
12639,52057,1
12640,52058,1
12641,52059,1
12642,52060,1
12643,52061,1
12644,52062,1
12645,52063,1
12647,52065,1
12648,52066,1
12650,52068,1
12652,52070,1
12653,52071,1
12656,52074,1
12657,52075,1
12659,52077,1
12660,52078,1
12661,52079,1
12663,52081,1
12664,52082,1
12666,52084,1
12667,52085,1
12669,52087,1
12670,52088,1
12671,52089,1
12672,52090,1
12676,52094,1
12678,52096,1
12679,52097,1
12680,52098,1
12681,52099,1
12682,52100,1
12683,52101,1
12684,52102,1
12685,52103,1
12686,52104,1
12687,52105,1
12688,52106,1
12689,52107,1
12690,52108,1
12691,52109,1
12693,52111,1
12695,52113,1
12696,52114,1
12697,52115,1
12698,52116,1
12699,52117,1
12701,52119,1
12702,52120,1
12703,52121,1
12704,52122,1
12705,52123,1
12706,52124,1
12707,52125,1
12708,52126,1
12710,52128,1
12711,52129,1
12712,52130,1
12713,52131,1
12719,52137,1
12723,52141,1
12725,52143,1
12727,52145,1
12729,52147,1
12733,52151,1
12735,52153,1
12737,52155,1
12738,52156,1
12739,52157,1
12740,52158,1
12742,52160,1
12744,52162,1
12746,52164,1
12747,52165,1
12748,52166,1
12749,52167,1
12750,52168,1
12751,52169,1
12752,52170,1
12753,52171,1
12754,52172,1
12755,52173,1
12756,52174,1
12757,52175,1
12758,52176,1
12759,52177,1
12760,52178,1
12761,52179,1
12762,52180,1
12766,52182,1
12768,52184,1
12769,52185,1
12771,52187,1
12773,52189,1
12776,52192,1
12778,52194,1
12780,52196,1
12782,52198,1
12783,52199,1
12784,52200,1
12786,52202,1
12788,52204,1
12789,52205,1
12790,52206,1
12791,52207,1
12792,52208,1
12793,52209,1
12794,52210,1
12795,52211,1
12796,52212,1
12799,52215,1
12800,52216,1
12801,52217,1
12802,52218,1
12804,52220,1
12806,52222,1
12807,52223,1
12809,52225,1
12811,52227,1
12814,52230,1
12815,52231,1
12816,52232,1
12819,52235,1
12821,52237,1
12822,52238,1
12823,52239,1
12825,52241,1
12826,52242,1
12827,52243,1
12833,52249,1
12836,52252,1
12837,52253,1
12839,52255,1
12845,52261,1
12846,52262,1
12847,52263,1
12849,52265,1
12850,52266,1
12851,52267,1
12852,52268,1
12853,52269,1
12856,52272,1
12857,52273,1
12858,52274,1
12861,52277,1
12862,52278,1
12863,52279,1
12864,52280,1
12865,52281,1
12866,52282,1
12868,52284,1
12871,52287,1
12873,52289,1
12874,52290,1
12875,52291,1
12881,52295,1
12882,52296,1
12883,52297,1
12884,52298,1
12885,52299,1
12886,52300,1
12887,52301,1
12888,52302,1
12889,52303,1
12890,52304,1
12892,52306,1
12895,52309,1
12896,52310,1
12898,52312,1
12899,52313,1
12900,52314,1
12901,52315,1
12902,52316,1
12904,52318,1
12906,52320,1
12908,52322,1
12909,52323,1
12910,52324,1
12911,52325,1
12912,52326,1
12913,52327,1
12914,52328,1
12915,52329,1
12917,52331,1
12918,52332,1
12919,52333,1
12921,52335,1
12923,52337,1
12924,52338,1
12925,52339,1
12926,52340,1
12928,52342,1
12929,52343,1
12930,52344,1
12931,52345,1
12932,52346,1
12933,52347,1
12934,52348,1
12935,52349,1
12936,52350,1
12938,52352,1
12939,52353,1
12940,52354,1
12941,52355,1
12943,52357,1
12944,52358,1
12945,52359,1
12946,52360,1
12948,52362,1
12949,52363,1
12950,52364,1
12951,52365,1
12953,52367,1
12954,52368,1
12955,52369,1
12956,52370,1
12958,52372,1
12960,52374,1
12962,52376,1
12963,52377,1
12964,52378,1
12965,52379,1
12966,52380,1
12967,52381,1
12968,52382,1
12970,52384,1
12972,52386,1
12973,52387,1
12974,52388,1
12975,52389,1
12977,52391,1
12978,52392,1
12979,52393,1
12980,52394,1
12981,52395,1
12983,52397,1
12984,52398,1
12986,52400,1
12991,52403,1
12992,52404,1
12993,52405,1
12994,52406,1
12995,52407,1
12996,52408,1
12997,52409,1
13003,52415,1
13007,52417,1
13008,52418,1
13009,52419,1
13011,52421,1
13012,52422,1
13013,52423,1
13014,52424,1
13015,52425,1
13016,52426,1
13017,52427,1
13018,52428,1
13019,52429,1
13020,52430,1
13021,52431,1
13022,52432,1
13023,52433,1
13024,52434,1
13025,52435,1
13026,52436,1
13027,52437,1
13028,52438,1
13030,52440,1
13034,52444,1
13035,52445,1
13037,52447,1
13038,52448,1
13039,52449,1
13040,52450,1
13041,52451,1
13042,52452,1
13043,52453,1
13044,52454,1
13047,52457,1
13052,52462,1
13054,52464,1
13055,52465,1
13056,52466,1
13058,52468,1
13060,52470,1
13062,52472,1
13063,52473,1
13064,52474,1
13066,52476,1
13067,52477,1
13068,52478,1
13072,52480,1
13073,52481,1
13075,52483,1
13077,52485,1
13078,52486,1
13079,52487,1
13081,52489,1
13082,52490,1
13083,52491,1
13088,52496,1
13089,52497,1
13090,52498,1
13091,52499,1
13092,52500,1
13093,52501,1
13094,52502,1
13095,52503,1
13096,52504,1
13097,52505,1
13100,52506,1
13101,52507,1
13102,52508,1
13103,52509,1
13105,52511,1
13107,52513,1
13108,52514,1
13109,52515,1
13110,52516,1
13111,52517,1
13114,52520,1
13116,52522,1
13118,52524,1
13120,52526,1
13122,52528,1
13123,52529,1
13127,52533,1
13129,52535,1
13130,52536,1
13131,52537,1
13132,52538,1
13133,52539,1
13134,52540,1
13137,52543,1
13138,52544,1
13140,52546,1
13144,52548,1
13146,52550,1
13147,52551,1
13148,52552,1
13150,52554,1
13153,52557,1
13154,52558,1
13156,52560,1
13157,52561,1
13158,52562,1
13159,52563,1
13160,52564,1
13161,52565,1
13163,52567,1
13164,52568,1
13165,52569,1
13169,52571,1
13170,52572,1
13172,52574,1
13175,52577,1
13177,52579,1
13180,52582,1
13182,52584,1
13183,52585,1
13186,52588,1
13187,52589,1
13190,52592,1
13194,52596,1
13195,52597,1
13196,52598,1
13197,52599,1
13198,52600,1
13199,52601,1
13200,52602,1
13201,52603,1
13202,52604,1
13204,52606,1
13205,52607,1
13206,52608,1
13207,52609,1
13208,52610,1
13214,52616,1
13217,52619,1
13218,52620,1
13219,52621,1
13220,52622,1
13221,52623,1
13224,52626,1
13225,52627,1
13226,52628,1
13227,52629,1
13228,52630,1
13229,52631,1
13230,52632,1
13232,52634,1
13233,52635,1
13234,52636,1
13235,52637,1
13236,52638,1
13237,52639,1
13238,52640,1
13239,52641,1
13240,52642,1
13244,52644,1
13245,52645,1
13246,52646,1
13247,52647,1
13248,52648,1
13253,52651,1
13254,52652,1
13255,52653,1
13256,52654,1
13257,52655,1
13258,52656,1
13259,52657,1
13260,52658,1
13261,52659,1
13262,52660,1
13263,52661,1
13264,52662,1
13265,52663,1
13266,52664,1
13269,52665,1
13270,52666,1
13271,52667,1
13273,52669,1
13274,52670,1
13275,52671,1
13276,52672,1
13277,52673,1
13278,52674,1
13279,52675,1
13283,52677,1
13284,52678,1
13286,52680,1
13287,52681,1
13295,52689,1
13296,52690,1
13297,52691,1
13298,52692,1
13299,52693,1
13300,52694,1
13301,52695,1
13302,52696,1
13303,52697,1
13305,52699,1
13306,52700,1
13307,52701,1
13308,52702,1
13309,52703,1
13310,52704,1
13311,52705,1
13315,52707,1
13317,52709,1
13319,52711,1
13321,52713,1
13325,52717,1
13326,52718,1
13327,52719,1
13328,52720,1
13329,52721,1
13333,52725,1
13334,52726,1
13335,52727,1
13336,52728,1
13337,52729,1
13338,52730,1
13339,52731,1
13340,52732,1
13342,52734,1
13343,52735,1
13345,52737,1
13346,52738,1
13347,52739,1
13348,52740,1
13350,52742,1
13352,52744,1
13353,52745,1
13357,52747,1
13358,52748,1
13359,52749,1
13360,52750,1
13362,52752,1
13364,52754,1
13365,52755,1
13366,52756,1
13367,52757,1
13368,52758,1
13369,52759,1
13370,52760,1
13371,52761,1
13372,52762,1
13373,52763,1
13374,52764,1
13375,52765,1
13376,52766,1
13377,52767,1
13378,52768,1
13379,52769,1
13380,52770,1
13381,52771,1
13382,52772,1
13383,52773,1
13384,52774,1
13385,52775,1
13386,52776,1
13388,52778,1
13389,52779,1
13391,52781,1
13392,52782,1
13394,52784,1
13398,52788,1
13399,52789,1
13400,52790,1
13401,52791,1
13404,52794,1
13408,52798,1
13411,52801,1
13412,52802,1
13413,52803,1
13415,52805,1
13416,52806,1
13417,52807,1
13418,52808,1
13419,52809,1
13420,52810,1
13421,52811,1
13423,52813,1
13425,52815,1
13428,52818,1
13429,52819,1
13430,52820,1
13431,52821,1
13432,52822,1
13434,52824,1
13436,52826,1
13437,52827,1
13438,52828,1
13443,52833,1
13446,52834,1
13447,52835,1
13448,52836,1
13449,52837,1
13450,52838,1
13451,52839,1
13452,52840,1
13453,52841,1
13454,52842,1
13455,52843,1
13456,52844,1
13457,52845,1
13458,52846,1
13459,52847,1
13460,52848,1
13461,52849,1
13462,52850,1
13463,52851,1
13464,52852,1
13465,52853,1
13466,52854,1
13467,52855,1
13468,52856,1
13471,52859,1
13472,52860,1
13473,52861,1
13474,52862,1
13475,52863,1
13476,52864,1
13477,52865,1
13478,52866,1
13479,52867,1
13480,52868,1
13481,52869,1
13482,52870,1
13483,52871,1
13484,52872,1
13486,52874,1
13490,52876,1
13491,52877,1
13492,52878,1
13493,52879,1
13494,52880,1
13495,52881,1
13496,52882,1
13500,52886,1
13501,52887,1
13502,52888,1
13507,52891,1
13508,52892,1
13509,52893,1
13511,52895,1
13512,52896,1
13513,52897,1
13515,52899,1
13516,52900,1
13519,52903,1
13523,52905,1
13524,52906,1
13525,52907,1
13526,52908,1
13527,52909,1
13529,52911,1
13530,52912,1
13531,52913,1
13532,52914,1
13533,52915,1
13534,52916,1
13535,52917,1
13536,52918,1
13540,52922,1
13542,52924,1
13543,52925,1
13544,52926,1
13545,52927,1
13546,52928,1
13547,52929,1
13548,52930,1
13554,52936,1
13555,52937,1
13559,52941,1
13560,52942,1
13563,52945,1
13564,52946,1
13565,52947,1
13566,52948,1
13567,52949,1
13568,52950,1
13569,52951,1
13570,52952,1
13572,52954,1
13574,52956,1
13575,52957,1
13576,52958,1
13579,52961,1
13585,52967,1
13587,52969,1
13588,52970,1
13589,52971,1
13590,52972,1
13591,52973,1
13592,52974,1
13595,52975,1
13596,52976,1
13597,52977,1
13599,52979,1
13600,52980,1
13601,52981,1
13602,52982,1
13603,52983,1
13604,52984,1
13605,52985,1
13606,52986,1
13607,52987,1
13608,52988,1
13610,52990,1
13612,52992,1
13613,52993,1
13620,53000,1
13621,53001,1
13622,53002,1
13629,53007,1
13630,53008,1
13631,53009,1
13632,53010,1
13633,53011,1
13634,53012,1
13635,53013,1
13636,53014,1
13637,53015,1
13638,53016,1
13639,53017,1
13640,53018,1
13641,53019,1
13642,53020,1
13646,53024,1
13647,53025,1
13648,53026,1
13650,53028,1
13652,53030,1
13653,53031,1
13654,53032,1
13655,53033,1
13656,53034,1
13658,53036,1
13660,53038,1
13661,53039,1
13663,53041,1
13665,53043,1
13666,53044,1
13668,53046,1
13670,53048,1
13671,53049,1
13673,53051,1
13674,53052,1
13675,53053,1
13676,53054,1
13678,53056,1
13680,53058,1
13681,53059,1
13683,53061,1
13684,53062,1
13686,53064,1
13687,53065,1
13688,53066,1
13689,53067,1
13691,53069,1
13692,53070,1
13694,53072,1
13696,53074,1
13697,53075,1
13698,53076,1
13699,53077,1
13701,53079,1
13703,53081,1
13705,53083,1
13706,53084,1
13708,53086,1
13711,53089,1
13717,53095,1
13718,53096,1
13719,53097,1
13720,53098,1
13722,53100,1
13727,53105,1
13728,53106,1
13729,53107,1
13730,53108,1
13731,53109,1
13732,53110,1
13733,53111,1
13734,53112,1
13735,53113,1
13737,53115,1
13738,53116,1
13739,53117,1
13740,53118,1
13741,53119,1
13742,53120,1
13743,53121,1
13744,53122,1
13745,53123,1
13746,53124,1
13747,53125,1
13749,53127,1
13750,53128,1
13751,53129,1
13752,53130,1
13753,53131,1
13755,53133,1
13756,53134,1
13757,53135,1
13758,53136,1
13760,53138,1
13762,53140,1
13763,53141,1
13767,53145,1
13768,53146,1
13770,53148,1
13771,53149,1
13773,53151,1
13775,53153,1
13776,53154,1
13778,53156,1
13783,53161,1
13785,53163,1
13787,53165,1
13789,53167,1
13791,53169,1
13793,53171,1
13795,53173,1
13796,53174,1
13797,53175,1
13799,53177,1
13801,53179,1
13802,53180,1
13804,53182,1
13805,53183,1
13807,53185,1
13808,53186,1
13809,53187,1
13810,53188,1
13811,53189,1
13812,53190,1
13813,53191,1
13814,53192,1
13815,53193,1
13817,53195,1
13827,53205,1
13829,53207,1
13831,53209,1
13834,53212,1
13838,53216,1
13839,53217,1
13840,53218,1
13842,53220,1
13843,53221,1
13844,53222,1
13846,53224,1
13847,53225,1
13848,53226,1
13850,53228,1
13851,53229,1
13852,53230,1
13854,53232,1
13855,53233,1
13856,53234,1
13857,53235,1
13859,53237,1
13862,53240,1
13863,53241,1
13864,53242,1
13866,53244,1
13867,53245,1
13868,53246,1
13869,53247,1
13870,53248,1
13871,53249,1
13874,53252,1
13878,53254,1
13880,53256,1
13882,53258,1
13886,53262,1
13887,53263,1
13888,53264,1
13889,53265,1
13890,53266,1
13891,53267,1
13893,53269,1
13895,53271,1
13896,53272,1
13897,53273,1
13898,53274,1
13899,53275,1
13900,53276,1
13902,53278,1
13903,53279,1
13904,53280,1
13905,53281,1
13906,53282,1
13908,53284,1
13909,53285,1
13910,53286,1
13911,53287,1
13912,53288,1
13913,53289,1
13914,53290,1
13915,53291,1
13916,53292,1
13917,53293,1
13918,53294,1
13922,53296,1
13923,53297,1
13924,53298,1
13926,53300,1
13927,53301,1
13928,53302,1
13929,53303,1
13932,53306,1
13936,53308,1
13937,53309,1
13938,53310,1
13939,53311,1
13941,53313,1
13942,53314,1
13943,53315,1
13944,53316,1
13948,53320,1
13950,53322,1
13951,53323,1
13952,53324,1
13953,53325,1
13954,53326,1
13955,53327,1
13956,53328,1
13957,53329,1
13958,53330,1
13959,53331,1
13960,53332,1
13961,53333,1
13962,53334,1
13963,53335,1
13964,53336,1
13969,53339,1
13970,53340,1
13971,53341,1
13972,53342,1
13973,53343,1
13974,53344,1
13975,53345,1
13976,53346,1
13977,53347,1
13978,53348,1
13980,53350,1
13982,53352,1
13983,53353,1
13984,53354,1
13985,53355,1
13986,53356,1
13987,53357,1
13988,53358,1
13991,53361,1
13992,53362,1
13993,53363,1
13994,53364,1
13995,53365,1
13996,53366,1
13998,53368,1
14001,53371,1
14003,53373,1
14004,53374,1
14005,53375,1
14009,53379,1
14010,53380,1
14014,53382,1
14015,53383,1
14016,53384,1
14017,53385,1
14018,53386,1
14019,53387,1
14020,53388,1
14021,53389,1
14024,53392,1
14026,53394,1
14027,53395,1
14029,53397,1
14031,53399,1
14032,53400,1
14033,53401,1
14034,53402,1
14035,53403,1
14037,53405,1
14038,53406,1
14042,53410,1
14043,53411,1
14045,53413,1
14046,53414,1
14047,53415,1
14048,53416,1
14049,53417,1
14050,53418,1
14051,53419,1
14053,53421,1
14054,53422,1
14057,53425,1
14058,53426,1
14059,53427,1
14061,53429,1
14062,53430,1
14063,53431,1
14064,53432,1
14065,53433,1
14067,53435,1
14069,53437,1
14070,53438,1
14071,53439,1
14072,53440,1
14073,53441,1
14074,53442,1
14075,53443,1
14076,53444,1
14077,53445,1
14078,53446,1
14079,53447,1
14081,53449,1
14085,53453,1
14086,53454,1
14090,53458,1
14091,53459,1
14092,53460,1
14093,53461,1
14094,53462,1
14095,53463,1
14096,53464,1
14097,53465,1
14098,53466,1
14099,53467,1
14100,53468,1
14104,53470,1
14105,53471,1
14107,53473,1
14108,53474,1
14109,53475,1
14111,53477,1
14112,53478,1
14114,53480,1
14116,53482,1
14117,53483,1
14120,53486,1
14121,53487,1
14122,53488,1
14123,53489,1
14124,53490,1
14125,53491,1
14126,53492,1
14130,53496,1
14132,53498,1
14134,53500,1
14138,53504,1
14139,53505,1
14140,53506,1
14141,53507,1
14143,53509,1
14144,53510,1
14145,53511,1
14146,53512,1
14147,53513,1
14148,53514,1
14149,53515,1
14150,53516,1
14151,53517,1
14152,53518,1
14154,53520,1
14155,53521,1
14157,53523,1
14158,53524,1
14159,53525,1
14160,53526,1
14161,53527,1
14162,53528,1
14163,53529,1
14164,53530,1
14165,53531,1
14166,53532,1
14168,53534,1
14169,53535,1
14171,53537,1
14172,53538,1
14175,53541,1
14176,53542,1
14177,53543,1
14178,53544,1
14179,53545,1
14180,53546,1
14182,53548,1
14184,53550,1
14185,53551,1
14186,53552,1
14187,53553,1
14188,53554,1
14189,53555,1
14190,53556,1
14191,53557,1
14193,53559,1
14194,53560,1
14195,53561,1
14200,53566,1
14201,53567,1
14202,53568,1
14207,53573,1
14208,53574,1
14209,53575,1
14214,53578,1
14215,53579,1
14216,53580,1
14217,53581,1
14219,53583,1
14221,53585,1
14223,53587,1
14224,53588,1
14225,53589,1
14226,53590,1
14227,53591,1
14228,53592,1
14229,53593,1
14231,53595,1
14233,53597,1
14235,53599,1
14236,53600,1
14239,53603,1
14240,53604,1
14244,53606,1
14245,53607,1
14246,53608,1
14247,53609,1
14248,53610,1
14250,53612,1
14251,53613,1
14252,53614,1
14253,53615,1
14254,53616,1
14255,53617,1
14256,53618,1
14258,53620,1
14259,53621,1
14260,53622,1
14261,53623,1
14263,53625,1
14266,53628,1
14279,53641,1
14282,53644,1
14284,53646,1
14285,53647,1
14286,53648,1
14289,53651,1
14291,53653,1
14292,53654,1
14293,53655,1
14294,53656,1
14295,53657,1
14296,53658,1
14297,53659,1
14298,53660,1
14299,53661,1
14300,53662,1
14302,53664,1
14303,53665,1
14307,53669,1
14308,53670,1
14310,53672,1
14311,53673,1
14312,53674,1
14313,53675,1
14314,53676,1
14315,53677,1
14316,53678,1
14317,53679,1
14318,53680,1
14319,53681,1
14320,53682,1
14321,53683,1
14322,53684,1
14323,53685,1
14324,53686,1
14325,53687,1
14326,53688,1
14327,53689,1
14328,53690,1
14329,53691,1
14330,53692,1
14331,53693,1
14332,53694,1
14333,53695,1
14334,53696,1
14335,53697,1
14336,53698,1
14337,53699,1
14339,53701,1
14347,53709,1
14348,53710,1
14350,53712,1
14352,53714,1
14353,53715,1
14354,53716,1
14356,53718,1
14358,53720,1
14359,53721,1
14360,53722,1
14362,53724,1
14363,53725,1
14365,53727,1
14366,53728,1
14367,53729,1
14371,53731,1
14372,53732,1
14373,53733,1
14374,53734,1
14375,53735,1
14376,53736,1
14378,53738,1
14380,53740,1
14381,53741,1
14383,53743,1
14384,53744,1
14385,53745,1
14386,53746,1
14388,53748,1
14389,53749,1
14390,53750,1
14392,53752,1
14394,53754,1
14395,53755,1
14397,53757,1
14398,53758,1
14399,53759,1
14403,53763,1
14405,53765,1
14406,53766,1
14408,53768,1
14410,53770,1
14412,53772,1
14413,53773,1
14414,53774,1
14415,53775,1
14417,53777,1
14419,53779,1
14420,53780,1
14423,53783,1
14425,53785,1
14426,53786,1
14428,53788,1
14429,53789,1
14431,53791,1
14433,53793,1
14435,53795,1
14436,53796,1
14437,53797,1
14438,53798,1
14439,53799,1
14440,53800,1
14442,53802,1
14443,53803,1
14444,53804,1
14445,53805,1
14446,53806,1
14448,53808,1
14450,53810,1
14453,53813,1
14455,53815,1
14456,53816,1
14457,53817,1
14459,53819,1
14460,53820,1
14461,53821,1
14462,53822,1
14463,53823,1
14464,53824,1
14465,53825,1
14466,53826,1
14467,53827,1
14468,53828,1
14469,53829,1
14470,53830,1
14471,53831,1
14473,53833,1
14475,53835,1
14476,53836,1
14477,53837,1
14478,53838,1
14479,53839,1
14480,53840,1
14481,53841,1
14482,53842,1
14483,53843,1
14484,53844,1
14485,53845,1
14486,53846,1
14487,53847,1
14491,53851,1
14492,53852,1
14493,53853,1
14494,53854,1
14495,53855,1
14496,53856,1
14497,53857,1
14498,53858,1
14502,53860,1
14503,53861,1
14504,53862,1
14505,53863,1
14507,53865,1
14508,53866,1
14509,53867,1
14510,53868,1
14511,53869,1
14512,53870,1
14514,53872,1
14516,53874,1
14518,53876,1
14520,53878,1
14521,53879,1
14523,53881,1
14525,53883,1
14526,53884,1
14527,53885,1
14528,53886,1
14529,53887,1
14530,53888,1
14531,53889,1
14532,53890,1
14535,53893,1
14536,53894,1
14538,53896,1
14539,53897,1
14540,53898,1
14541,53899,1
14542,53900,1
14548,53906,1
14549,53907,1
14550,53908,1
14551,53909,1
14552,53910,1
14555,53913,1
14556,53914,1
14559,53917,1
14560,53918,1
14561,53919,1
14562,53920,1
14564,53922,1
14568,53926,1
14569,53927,1
14570,53928,1
14571,53929,1
14572,53930,1
14573,53931,1
14574,53932,1
14575,53933,1
14576,53934,1
14577,53935,1
14578,53936,1
14579,53937,1
14581,53939,1
14585,53943,1
14586,53944,1
14589,53947,1
14590,53948,1
14592,53950,1
14593,53951,1
14594,53952,1
14598,53954,1
14599,53955,1
14601,53957,1
14602,53958,1
14604,53960,1
14608,53964,1
14609,53965,1
14611,53967,1
14612,53968,1
14613,53969,1
14614,53970,1
14616,53972,1
14617,53973,1
14618,53974,1
14619,53975,1
14620,53976,1
14621,53977,1
14622,53978,1
14623,53979,1
14624,53980,1
14628,53982,1
14629,53983,1
14630,53984,1
14632,53986,1
14633,53987,1
14634,53988,1
14635,53989,1
14636,53990,1
14637,53991,1
14638,53992,1
14639,53993,1
14640,53994,1
14641,53995,1
14642,53996,1
14643,53997,1
14644,53998,1
14645,53999,1
14646,54000,1
14647,54001,1
14651,54003,1
14652,54004,1
14653,54005,1
14654,54006,1
14655,54007,1
14656,54008,1
14658,54010,1
14659,54011,1
14660,54012,1
14661,54013,1
14662,54014,1
14663,54015,1
14664,54016,1
14666,54018,1
14667,54019,1
14668,54020,1
14669,54021,1
14670,54022,1
14671,54023,1
14672,54024,1
14673,54025,1
14674,54026,1
14675,54027,1
14676,54028,1
14677,54029,1
14678,54030,1
14679,54031,1
14680,54032,1
14684,54034,1
14685,54035,1
14687,54037,1
14688,54038,1
14690,54040,1
14692,54042,1
14693,54043,1
14694,54044,1
14695,54045,1
14696,54046,1
14697,54047,1
14698,54048,1
14699,54049,1
14700,54050,1
14701,54051,1
14702,54052,1
14703,54053,1
14705,54055,1
14706,54056,1
14707,54057,1
14708,54058,1
14709,54059,1
14710,54060,1
14711,54061,1
14713,54063,1
14719,54069,1
14720,54070,1
14721,54071,1
14722,54072,1
14723,54073,1
14724,54074,1
14725,54075,1
14726,54076,1
14729,54079,1
14734,54084,1
14735,54085,1
14736,54086,1
14737,54087,1
14738,54088,1
14740,54090,1
14741,54091,1
14742,54092,1
14743,54093,1
14744,54094,1
14745,54095,1
14746,54096,1
14747,54097,1
14748,54098,1
14750,54100,1
14751,54101,1
14752,54102,1
14753,54103,1
14754,54104,1
14755,54105,1
14756,54106,1
14757,54107,1
14759,54109,1
14760,54110,1
14761,54111,1
14762,54112,1
14763,54113,1
14764,54114,1
14765,54115,1
14766,54116,1
14767,54117,1
14769,54119,1
14770,54120,1
14771,54121,1
14773,54123,1
14774,54124,1
14775,54125,1
14776,54126,1
14779,54129,1
14782,54132,1
14784,54134,1
14785,54135,1
14786,54136,1
14788,54138,1
14789,54139,1
14790,54140,1
14794,54142,1
14795,54143,1
14796,54144,1
14797,54145,1
14798,54146,1
14799,54147,1
14800,54148,1
14801,54149,1
14802,54150,1
14803,54151,1
14804,54152,1
14805,54153,1
14806,54154,1
14807,54155,1
14810,54156,1
14812,54158,1
14813,54159,1
14814,54160,1
14815,54161,1
14816,54162,1
14817,54163,1
14818,54164,1
14819,54165,1
14821,54167,1
14823,54169,1
14824,54170,1
14826,54172,1
14827,54173,1
14828,54174,1
14829,54175,1
14830,54176,1
14831,54177,1
14832,54178,1
14833,54179,1
14834,54180,1
14835,54181,1
14840,54186,1
14841,54187,1
14843,54189,1
14845,54191,1
14847,54193,1
14848,54194,1
14849,54195,1
14850,54196,1
14852,54198,1
14854,54200,1
14856,54202,1
14857,54203,1
14858,54204,1
14859,54205,1
14860,54206,1
14861,54207,1
14862,54208,1
14863,54209,1
14864,54210,1
14865,54211,1
14866,54212,1
14867,54213,1
14868,54214,1
14870,54216,1
14871,54217,1
14872,54218,1
14874,54220,1
14876,54222,1
14877,54223,1
14879,54225,1
14881,54227,1
14882,54228,1
14884,54230,1
14885,54231,1
14886,54232,1
14888,54234,1
14890,54236,1
14891,54237,1
14894,54240,1
14896,54242,1
14900,54246,1
14901,54247,1
14902,54248,1
14910,54254,1
14911,54255,1
14912,54256,1
14913,54257,1
14914,54258,1
14915,54259,1
14916,54260,1
14918,54262,1
14919,54263,1
14920,54264,1
14922,54266,1
14923,54267,1
14924,54268,1
14925,54269,1
14926,54270,1
14927,54271,1
14931,54275,1
14932,54276,1
14933,54277,1
14934,54278,1
14935,54279,1
14936,54280,1
14937,54281,1
14938,54282,1
14940,54284,1
14943,54287,1
14944,54288,1
14945,54289,1
14946,54290,1
14947,54291,1
14948,54292,1
14950,54294,1
14955,54299,1
14956,54300,1
14957,54301,1
14958,54302,1
14959,54303,1
14963,54307,1
14964,54308,1
14968,54310,1
14969,54311,1
14970,54312,1
14971,54313,1
14972,54314,1
14976,54318,1
14977,54319,1
14978,54320,1
14979,54321,1
14981,54323,1
14982,54324,1
14983,54325,1
14985,54327,1
14987,54329,1
14988,54330,1
14989,54331,1
14990,54332,1
14992,54334,1
14994,54336,1
14995,54337,1
14996,54338,1
14997,54339,1
14998,54340,1
14999,54341,1
15000,54342,1
15001,54343,1
15002,54344,1
15003,54345,1
15004,54346,1
15005,54347,1
15006,54348,1
15007,54349,1
15008,54350,1
15009,54351,1
15010,54352,1
15011,54353,1
15012,54354,1
15013,54355,1
15014,54356,1
15015,54357,1
15016,54358,1
15017,54359,1
15019,54361,1
15021,54363,1
15023,54365,1
15025,54367,1
15027,54369,1
15029,54371,1
15030,54372,1
15031,54373,1
15032,54374,1
15033,54375,1
15034,54376,1
15036,54378,1
15037,54379,1
15038,54380,1
15039,54381,1
15040,54382,1
15042,54384,1
15043,54385,1
15044,54386,1
15045,54387,1
15046,54388,1
15047,54389,1
15048,54390,1
15049,54391,1
15050,54392,1
15051,54393,1
15052,54394,1
15054,54396,1
15055,54397,1
15056,54398,1
15057,54399,1
15058,54400,1
15059,54401,1
15061,54403,1
15062,54404,1
15063,54405,1
15064,54406,1
15066,54408,1
15067,54409,1
15068,54410,1
15069,54411,1
15070,54412,1
15071,54413,1
15072,54414,1
15073,54415,1
15074,54416,1
15076,54418,1
15078,54420,1
15079,54421,1
15080,54422,1
15081,54423,1
15082,54424,1
15083,54425,1
15084,54426,1
15085,54427,1
15086,54428,1
15087,54429,1
15088,54430,1
15089,54431,1
15090,54432,1
15091,54433,1
15092,54434,1
15093,54435,1
15094,54436,1
15095,54437,1
15096,54438,1
15097,54439,1
15098,54440,1
15101,54441,1
15103,54443,1
15104,54444,1
15105,54445,1
15106,54446,1
15107,54447,1
15108,54448,1
15109,54449,1
15110,54450,1
15111,54451,1
15112,54452,1
15113,54453,1
15114,54454,1
15115,54455,1
15116,54456,1
15117,54457,1
15118,54458,1
15119,54459,1
15120,54460,1
15121,54461,1
15122,54462,1
15124,54464,1
15125,54465,1
15127,54467,1
15128,54468,1
15129,54469,1
15130,54470,1
15131,54471,1
15133,54473,1
15134,54474,1
15135,54475,1
15136,54476,1
15137,54477,1
15138,54478,1
15139,54479,1
15140,54480,1
15142,54482,1
15143,54483,1
15145,54485,1
15147,54487,1
15148,54488,1
15149,54489,1
15150,54490,1
15152,54492,1
15154,54494,1
15158,54498,1
15159,54499,1
15160,54500,1
15161,54501,1
15162,54502,1
15163,54503,1
15164,54504,1
15165,54505,1
15166,54506,1
15167,54507,1
15168,54508,1
15169,54509,1
15170,54510,1
15171,54511,1
15172,54512,1
15173,54513,1
15174,54514,1
15175,54515,1
15176,54516,1
15177,54517,1
15178,54518,1
15179,54519,1
15180,54520,1
15182,54522,1
15183,54523,1
15184,54524,1
15185,54525,1
15186,54526,1
15187,54527,1
15188,54528,1
15189,54529,1
15190,54530,1
15192,54532,1
15196,54536,1
15197,54537,1
15198,54538,1
15199,54539,1
15200,54540,1
15201,54541,1
15202,54542,1
15203,54543,1
15204,54544,1
15205,54545,1
15206,54546,1
15207,54547,1
15208,54548,1
15209,54549,1
15210,54550,1
15211,54551,1
15212,54552,1
15213,54553,1
15214,54554,1
15217,54557,1
15218,54558,1
15219,54559,1
15220,54560,1
15221,54561,1
15222,54562,1
15223,54563,1
15224,54564,1
15225,54565,1
15227,54567,1
15228,54568,1
15229,54569,1
15230,54570,1
15231,54571,1
15232,54572,1
15233,54573,1
15234,54574,1
15235,54575,1
15236,54576,1
15237,54577,1
15238,54578,1
15239,54579,1
15240,54580,1
15241,54581,1
15244,54584,1
15245,54585,1
15246,54586,1
15247,54587,1
15248,54588,1
15249,54589,1
15250,54590,1
15251,54591,1
15252,54592,1
15253,54593,1
15254,54594,1
15255,54595,1
15256,54596,1
15257,54597,1
15259,54599,1
15261,54601,1
15263,54603,1
15264,54604,1
15265,54605,1
15266,54606,1
15267,54607,1
15268,54608,1
15269,54609,1
15270,54610,1
15271,54611,1
15272,54612,1
15273,54613,1
15274,54614,1
15275,54615,1
15276,54616,1
15277,54617,1
15278,54618,1
15279,54619,1
15280,54620,1
15281,54621,1
15282,54622,1
15283,54623,1
15284,54624,1
15286,54626,1
15288,54628,1
15289,54629,1
15291,54631,1
15294,54634,1
15295,54635,1
15298,54638,1
15299,54639,1
15300,54640,1
15302,54642,1
15305,54645,1
15306,54646,1
15307,54647,1
15308,54648,1
15309,54649,1
15310,54650,1
15311,54651,1
15312,54652,1
15313,54653,1
15314,54654,1
15315,54655,1
15318,54658,1
15319,54659,1
15320,54660,1
15323,54663,1
15324,54664,1
15325,54665,1
15326,54666,1
15327,54667,1
15328,54668,1
15331,54669,1
15332,54670,1
15333,54671,1
15334,54672,1
15336,54674,1
15337,54675,1
15338,54676,1
15339,54677,1
15340,54678,1
15342,54680,1
15344,54682,1
15345,54683,1
15346,54684,1
15347,54685,1
15348,54686,1
15349,54687,1
15350,54688,1
15352,54690,1
15353,54691,1
15354,54692,1
15355,54693,1
15356,54694,1
15357,54695,1
15358,54696,1
15359,54697,1
15360,54698,1
15361,54699,1
15362,54700,1
15363,54701,1
15364,54702,1
15366,54704,1
15367,54705,1
15368,54706,1
15369,54707,1
15370,54708,1
15371,54709,1
15375,54711,1
15376,54712,1
15377,54713,1
15379,54715,1
15380,54716,1
15381,54717,1
15383,54719,1
15384,54720,1
15385,54721,1
15386,54722,1
15387,54723,1
15388,54724,1
15390,54726,1
15392,54728,1
15393,54729,1
15394,54730,1
15395,54731,1
15396,54732,1
15399,54735,1
15400,54736,1
15404,54738,1
15405,54739,1
15406,54740,1
15410,54744,1
15414,54748,1
15415,54749,1
15416,54750,1
15417,54751,1
15419,54753,1
15420,54754,1
15421,54755,1
15422,54756,1
15423,54757,1
15424,54758,1
15425,54759,1
15426,54760,1
15427,54761,1
15428,54762,1
15429,54763,1
15430,54764,1
15431,54765,1
15432,54766,1
15433,54767,1
15434,54768,1
15435,54769,1
15436,54770,1
15441,54775,1
15442,54776,1
15443,54777,1
15447,54779,1
15448,54780,1
15449,54781,1
15450,54782,1
15451,54783,1
15452,54784,1
15453,54785,1
15454,54786,1
15455,54787,1
15456,54788,1
15458,54790,1
15459,54791,1
15460,54792,1
15461,54793,1
15462,54794,1
15463,54795,1
15464,54796,1
15465,54797,1
15467,54799,1
15468,54800,1
15469,54801,1
15470,54802,1
15471,54803,1
15472,54804,1
15473,54805,1
15474,54806,1
15475,54807,1
15476,54808,1
15480,54810,1
15481,54811,1
15482,54812,1
15483,54813,1
15484,54814,1
15485,54815,1
15487,54817,1
15489,54819,1
15490,54820,1
15491,54821,1
15492,54822,1
15494,54824,1
15495,54825,1
15496,54826,1
15500,54830,1
15501,54831,1
15502,54832,1
15503,54833,1
15506,54836,1
15507,54837,1
15508,54838,1
15509,54839,1
15510,54840,1
15511,54841,1
15512,54842,1
15513,54843,1
15514,54844,1
15515,54845,1
15517,54847,1
15518,54848,1
15524,54854,1
15525,54855,1
15529,54859,1
15531,54861,1
15532,54862,1
15533,54863,1
15534,54864,1
15535,54865,1
15536,54866,1
15537,54867,1
15541,54869,1
15543,54871,1
15544,54872,1
15546,54874,1
15547,54875,1
15548,54876,1
15549,54877,1
15550,54878,1
15551,54879,1
15552,54880,1
15553,54881,1
15554,54882,1
15555,54883,1
15556,54884,1
15558,54886,1
15559,54887,1
15560,54888,1
15561,54889,1
15562,54890,1
15564,54892,1
15565,54893,1
15567,54895,1
15568,54896,1
15570,54898,1
15572,54900,1
15573,54901,1
15575,54903,1
15576,54904,1
15578,54906,1
15579,54907,1
15580,54908,1
15581,54909,1
15582,54910,1
15583,54911,1
15584,54912,1
15585,54913,1
15589,54915,1
15590,54916,1
15591,54917,1
15593,54919,1
15594,54920,1
15595,54921,1
15596,54922,1
15597,54923,1
15598,54924,1
15599,54925,1
15602,54928,1
15605,54931,1
15606,54932,1
15607,54933,1
15611,54935,1
15612,54936,1
15613,54937,1
15617,54941,1
15618,54942,1
15619,54943,1
15620,54944,1
15621,54945,1
15623,54947,1
15624,54948,1
15625,54949,1
15627,54951,1
15628,54952,1
15629,54953,1
15630,54954,1
15631,54955,1
15632,54956,1
15633,54957,1
15634,54958,1
15635,54959,1
15636,54960,1
15637,54961,1
15639,54963,1
15640,54964,1
15641,54965,1
15642,54966,1
15643,54967,1
15644,54968,1
15645,54969,1
15646,54970,1
15648,54972,1
15650,54974,1
15651,54975,1
15653,54977,1
15654,54978,1
15655,54979,1
15656,54980,1
15657,54981,1
15659,54983,1
15660,54984,1
15661,54985,1
15662,54986,1
15663,54987,1
15664,54988,1
15665,54989,1
15666,54990,1
15667,54991,1
15670,54994,1
15671,54995,1
15672,54996,1
15673,54997,1
15674,54998,1
15676,55000,1
15677,55001,1
15678,55002,1
15679,55003,1
15680,55004,1
15681,55005,1
15682,55006,1
15683,55007,1
15684,55008,1
15685,55009,1
15686,55010,1
15687,55011,1
15688,55012,1
15689,55013,1
15690,55014,1
15691,55015,1
15692,55016,1
15694,55018,1
15695,55019,1
15696,55020,1
15697,55021,1
15698,55022,1
15699,55023,1
15700,55024,1
15701,55025,1
15702,55026,1
15703,55027,1
15706,55030,1
15707,55031,1
15708,55032,1
15709,55033,1
15710,55034,1
15711,55035,1
15712,55036,1
15714,55038,1
15715,55039,1
15721,55045,1
15724,55048,1
15725,55049,1
15727,55051,1
15729,55053,1
15736,55060,1
15738,55062,1
15740,55064,1
15741,55065,1
15746,55070,1
15748,55072,1
15754,55078,1
15755,55079,1
15756,55080,1
15757,55081,1
15760,55084,1
15762,55086,1
15763,55087,1
15768,55092,1
15773,55097,1
15774,55098,1
15776,55100,1
15777,55101,1
15778,55102,1
15779,55103,1
15780,55104,1
15785,55109,1
15788,55112,1
15789,55113,1
15790,55114,1
15794,55118,1
15795,55119,1
15796,55120,1
15797,55121,1
15798,55122,1
15799,55123,1
15803,55127,1
15804,55128,1
15805,55129,1
15810,55134,1
15811,55135,1
15812,55136,1
15813,55137,1
15814,55138,1
15815,55139,1
15816,55140,1
15820,55144,1
15821,55145,1
15822,55146,1
15823,55147,1
15825,55149,1
15828,55152,1
15829,55153,1
15830,55154,1
15831,55155,1
15832,55156,1
15834,55158,1
15836,55160,1
15840,55164,1
15841,55165,1
15846,55170,1
15851,55175,1
15853,55177,1
15854,55178,1
15855,55179,1
15856,55180,1
15859,55183,1
15860,55184,1
15864,55186,1
15865,55187,1
15866,55188,1
15867,55189,1
15868,55190,1
15869,55191,1
15874,55194,1
15876,55196,1
15877,55197,1
15879,55199,1
15880,55200,1
15881,55201,1
15882,55202,1
15884,55204,1
15885,55205,1
15890,55210,1
15891,55211,1
15893,55213,1
15895,55215,1
15896,55216,1
15898,55218,1
15899,55219,1
15900,55220,1
15901,55221,1
15902,55222,1
15903,55223,1
15904,55224,1
15905,55225,1
15906,55226,1
15907,55227,1
15908,55228,1
15909,55229,1
15910,55230,1
15912,55232,1
15913,55233,1
15917,55235,1
15919,55237,1
15923,55241,1
15924,55242,1
15925,55243,1
15926,55244,1
15927,55245,1
15928,55246,1
15929,55247,1
15930,55248,1
15931,55249,1
15932,55250,1
15933,55251,1
15934,55252,1
15935,55253,1
15937,55255,1
15938,55256,1
15939,55257,1
15940,55258,1
15942,55260,1
15945,55263,1
15946,55264,1
15947,55265,1
15950,55268,1
15951,55269,1
15952,55270,1
15953,55271,1
15954,55272,1
15955,55273,1
15956,55274,1
15957,55275,1
15958,55276,1
15962,55278,1
15963,55279,1
15964,55280,1
15966,55282,1
15967,55283,1
15968,55284,1
15971,55287,1
15972,55288,1
15974,55290,1
15977,55293,1
15978,55294,1
15979,55295,1
15980,55296,1
15981,55297,1
15982,55298,1
15983,55299,1
15984,55300,1
15986,55302,1
15987,55303,1
15988,55304,1
15989,55305,1
15992,55308,1
15993,55309,1
15994,55310,1
15995,55311,1
15996,55312,1
15997,55313,1
16000,55316,1
16001,55317,1
16002,55318,1
16006,55322,1
16007,55323,1
16008,55324,1
16010,55326,1
16012,55328,1
16013,55329,1
16014,55330,1
16015,55331,1
16016,55332,1
16020,55336,1
16021,55337,1
16022,55338,1
16025,55341,1
16026,55342,1
16027,55343,1
16028,55344,1
16029,55345,1
16030,55346,1
16031,55347,1
16032,55348,1
16034,55350,1
16035,55351,1
16036,55352,1
16037,55353,1
16038,55354,1
16039,55355,1
16040,55356,1
16041,55357,1
16042,55358,1
16046,55360,1
16050,55364,1
16051,55365,1
16052,55366,1
16053,55367,1
16055,55369,1
16056,55370,1
16057,55371,1
16058,55372,1
16059,55373,1
16060,55374,1
16061,55375,1
16062,55376,1
16063,55377,1
16064,55378,1
16065,55379,1
16066,55380,1
16067,55381,1
16068,55382,1
16070,55384,1
16076,55390,1
16077,55391,1
16078,55392,1
16079,55393,1
16080,55394,1
16082,55396,1
16086,55398,1
16087,55399,1
16088,55400,1
16093,55405,1
16095,55407,1
16096,55408,1
16097,55409,1
16098,55410,1
16099,55411,1
16100,55412,1
16101,55413,1
16102,55414,1
16103,55415,1
16104,55416,1
16105,55417,1
16107,55419,1
16109,55421,1
16110,55422,1
16111,55423,1
16115,55427,1
16116,55428,1
16117,55429,1
16118,55430,1
16119,55431,1
16120,55432,1
16121,55433,1
16122,55434,1
16123,55435,1
16124,55436,1
16125,55437,1
16126,55438,1
16127,55439,1
16128,55440,1
16129,55441,1
16130,55442,1
16131,55443,1
16132,55444,1
16133,55445,1
16134,55446,1
16135,55447,1
16136,55448,1
16137,55449,1
16138,55450,1
16139,55451,1
16140,55452,1
16141,55453,1
16142,55454,1
16143,55455,1
16149,55459,1
16150,55460,1
16151,55461,1
16154,55464,1
16156,55466,1
16157,55467,1
16158,55468,1
16159,55469,1
16160,55470,1
16161,55471,1
16162,55472,1
16163,55473,1
16164,55474,1
16165,55475,1
16166,55476,1
16167,55477,1
16169,55479,1
16170,55480,1
16171,55481,1
16172,55482,1
16173,55483,1
16174,55484,1
16175,55485,1
16176,55486,1
16177,55487,1
16178,55488,1
16179,55489,1
16180,55490,1
16181,55491,1
16183,55493,1
16184,55494,1
16185,55495,1
16186,55496,1
16187,55497,1
16188,55498,1
16192,55500,1
16194,55502,1
16195,55503,1
16196,55504,1
16198,55506,1
16199,55507,1
16200,55508,1
16201,55509,1
16202,55510,1
16203,55511,1
16205,55513,1
16206,55514,1
16208,55516,1
16214,55522,1
16215,55523,1
16216,55524,1
16218,55526,1
16220,55528,1
16221,55529,1
16222,55530,1
16223,55531,1
16224,55532,1
16225,55533,1
16229,55535,1
16230,55536,1
16231,55537,1
16232,55538,1
16233,55539,1
16235,55541,1
16237,55543,1
16238,55544,1
16239,55545,1
16241,55547,1
16242,55548,1
16243,55549,1
16244,55550,1
16245,55551,1
16246,55552,1
16247,55553,1
16248,55554,1
16250,55556,1
16251,55557,1
16252,55558,1
16253,55559,1
16254,55560,1
16256,55562,1
16257,55563,1
16258,55564,1
16259,55565,1
16260,55566,1
16261,55567,1
16262,55568,1
16266,55570,1
16268,55572,1
16269,55573,1
16270,55574,1
16271,55575,1
16272,55576,1
16273,55577,1
16274,55578,1
16275,55579,1
16276,55580,1
16277,55581,1
16279,55583,1
16280,55584,1
16281,55585,1
16282,55586,1
16283,55587,1
16284,55588,1
16285,55589,1
16286,55590,1
16287,55591,1
16288,55592,1
16289,55593,1
16290,55594,1
16292,55596,1
16294,55598,1
16298,55600,1
16299,55601,1
16300,55602,1
16301,55603,1
16302,55604,1
16303,55605,1
16304,55606,1
16309,55609,1
16311,55611,1
16313,55613,1
16314,55614,1
16315,55615,1
16316,55616,1
16317,55617,1
16318,55618,1
16321,55621,1
16323,55623,1
16328,55628,1
16331,55631,1
16335,55633,1
16338,55636,1
16340,55638,1
16341,55639,1
16343,55641,1
16345,55643,1
16346,55644,1
16347,55645,1
16349,55647,1
16351,55649,1
16352,55650,1
16353,55651,1
16354,55652,1
16356,55654,1
16368,55664,1
16370,55666,1
16372,55668,1
16374,55670,1
16375,55671,1
16376,55672,1
16377,55673,1
16382,55678,1
16385,55681,1
16387,55683,1
16388,55684,1
16392,55688,1
16393,55689,1
16394,55690,1
16396,55692,1
16397,55693,1
16398,55694,1
16399,55695,1
16400,55696,1
16401,55697,1
16402,55698,1
16403,55699,1
16406,55702,1
16407,55703,1
16408,55704,1
16409,55705,1
16411,55707,1
16412,55708,1
16414,55710,1
16418,55714,1
16419,55715,1
16420,55716,1
16421,55717,1
16422,55718,1
16423,55719,1
16424,55720,1
16425,55721,1
16426,55722,1
16427,55723,1
16428,55724,1
16430,55726,1
16431,55727,1
16432,55728,1
16433,55729,1
16434,55730,1
16435,55731,1
16436,55732,1
16437,55733,1
16438,55734,1
16439,55735,1
16440,55736,1
16441,55737,1
16442,55738,1
16443,55739,1
16444,55740,1
16445,55741,1
16446,55742,1
16447,55743,1
16449,55745,1
16453,55747,1
16454,55748,1
16455,55749,1
16456,55750,1
16457,55751,1
16458,55752,1
16459,55753,1
16460,55754,1
16461,55755,1
16462,55756,1
16463,55757,1
16464,55758,1
16465,55759,1
16466,55760,1
16467,55761,1
16468,55762,1
16469,55763,1
16470,55764,1
16471,55765,1
16476,55770,1
16477,55771,1
16478,55772,1
16484,55778,1
16486,55780,1
16489,55783,1
16493,55787,1
16495,55789,1
16497,55791,1
16501,55795,1
16504,55798,1
16505,55799,1
16506,55800,1
16507,55801,1
16511,55803,1
16513,55805,1
16515,55807,1
16518,55810,1
16520,55812,1
16521,55813,1
16522,55814,1
16523,55815,1
16524,55816,1
16525,55817,1
16527,55819,1
16529,55821,1
16530,55822,1
16531,55823,1
16532,55824,1
16533,55825,1
16535,55827,1
16536,55828,1
16537,55829,1
16538,55830,1
16539,55831,1
16541,55833,1
16545,55837,1
16546,55838,1
16547,55839,1
16548,55840,1
16549,55841,1
16550,55842,1
16551,55843,1
16553,55845,1
16555,55847,1
16556,55848,1
16557,55849,1
16558,55850,1
16559,55851,1
16560,55852,1
16561,55853,1
16562,55854,1
16563,55855,1
16565,55857,1
16567,55859,1
16569,55861,1
16571,55863,1
16573,55865,1
16574,55866,1
16575,55867,1
16576,55868,1
16578,55870,1
16579,55871,1
16581,55873,1
16583,55875,1
16584,55876,1
16588,55878,1
16590,55880,1
16591,55881,1
16592,55882,1
16593,55883,1
16595,55885,1
16596,55886,1
16597,55887,1
16598,55888,1
16599,55889,1
16600,55890,1
16601,55891,1
16602,55892,1
16603,55893,1
16604,55894,1
16605,55895,1
16606,55896,1
16607,55897,1
16612,55902,1
16614,55904,1
16615,55905,1
16617,55907,1
16619,55909,1
16620,55910,1
16621,55911,1
16622,55912,1
16623,55913,1
16624,55914,1
16625,55915,1
16626,55916,1
16629,55919,1
16633,55921,1
16634,55922,1
16635,55923,1
16636,55924,1
16640,55926,1
16642,55928,1
16643,55929,1
16644,55930,1
16645,55931,1
16646,55932,1
16647,55933,1
16648,55934,1
16649,55935,1
16653,55939,1
16657,55943,1
16659,55945,1
16660,55946,1
16661,55947,1
16663,55949,1
16665,55951,1
16667,55953,1
16668,55954,1
16669,55955,1
16670,55956,1
16673,55959,1
16675,55961,1
16676,55962,1
16677,55963,1
16678,55964,1
16679,55965,1
16680,55966,1
16681,55967,1
16682,55968,1
16685,55971,1
16686,55972,1
16687,55973,1
16688,55974,1
16689,55975,1
16690,55976,1
16692,55978,1
16693,55979,1
16694,55980,1
16695,55981,1
16696,55982,1
16697,55983,1
16698,55984,1
16699,55985,1
16701,55987,1
16702,55988,1
16704,55990,1
16706,55992,1
16707,55993,1
16708,55994,1
16709,55995,1
16710,55996,1
16711,55997,1
16712,55998,1
16713,55999,1
16714,56000,1
16715,56001,1
16716,56002,1
16717,56003,1
16718,56004,1
16719,56005,1
16720,56006,1
16721,56007,1
16722,56008,1
16723,56009,1
16724,56010,1
16725,56011,1
16726,56012,1
16729,56013,1
16730,56014,1
16731,56015,1
16732,56016,1
16733,56017,1
16734,56018,1
16735,56019,1
16736,56020,1
16737,56021,1
16738,56022,1
16739,56023,1
16740,56024,1
16741,56025,1
16745,56029,1
16746,56030,1
16748,56032,1
16749,56033,1
16750,56034,1
16752,56036,1
16754,56038,1
16757,56041,1
16758,56042,1
16759,56043,1
16760,56044,1
16762,56046,1
16763,56047,1
16764,56048,1
16765,56049,1
16766,56050,1
16767,56051,1
16768,56052,1
16769,56053,1
16770,56054,1
16771,56055,1
16772,56056,1
16775,56059,1
16776,56060,1
16777,56061,1
16781,56063,1
16782,56064,1
16783,56065,1
16785,56067,1
16791,56071,1
16792,56072,1
16793,56073,1
16794,56074,1
16795,56075,1
16796,56076,1
16800,56080,1
16801,56081,1
16802,56082,1
16803,56083,1
16804,56084,1
16805,56085,1
16806,56086,1
16808,56088,1
16809,56089,1
16810,56090,1
16812,56092,1
16813,56093,1
16814,56094,1
16815,56095,1
16816,56096,1
16817,56097,1
16819,56099,1
16820,56100,1
16821,56101,1
16822,56102,1
16824,56104,1
16825,56105,1
16826,56106,1
16827,56107,1
16829,56109,1
16831,56111,1
16836,56116,1
16838,56118,1
16839,56119,1
16840,56120,1
16842,56122,1
16844,56124,1
16845,56125,1
16846,56126,1
16847,56127,1
16848,56128,1
16849,56129,1
16850,56130,1
16851,56131,1
16853,56133,1
16854,56134,1
16855,56135,1
16856,56136,1
16857,56137,1
16858,56138,1
16860,56140,1
16861,56141,1
16862,56142,1
16866,56144,1
16870,56146,1
16871,56147,1
16872,56148,1
16873,56149,1
16874,56150,1
16876,56152,1
16877,56153,1
16878,56154,1
16879,56155,1
16880,56156,1
16882,56158,1
16883,56159,1
16884,56160,1
16885,56161,1
16886,56162,1
16887,56163,1
16888,56164,1
16889,56165,1
16890,56166,1
16891,56167,1
16893,56169,1
16897,56171,1
16898,56172,1
16899,56173,1
16900,56174,1
16901,56175,1
16904,56178,1
16905,56179,1
16907,56181,1
16911,56183,1
16912,56184,1
16913,56185,1
16915,56187,1
16916,56188,1
16917,56189,1
16920,56192,1
16921,56193,1
16923,56195,1
16925,56197,1
16927,56199,1
16933,56205,1
16935,56207,1
16937,56209,1
16939,56211,1
16950,56220,1
16951,56221,1
16952,56222,1
16955,56225,1
16956,56226,1
16957,56227,1
16961,56229,1
16962,56230,1
16964,56232,1
16966,56234,1
16970,56238,1
16971,56239,1
16973,56241,1
16975,56243,1
16976,56244,1
16977,56245,1
16979,56247,1
16980,56248,1
16981,56249,1
16983,56251,1
16985,56253,1
16986,56254,1
16987,56255,1
16988,56256,1
16989,56257,1
16990,56258,1
16991,56259,1
16992,56260,1
16994,56262,1
16996,56264,1
16997,56265,1
16998,56266,1
16999,56267,1
17001,56269,1
17003,56271,1
17011,56279,1
17012,56280,1
17013,56281,1
17015,56283,1
17016,56284,1
17017,56285,1
17018,56286,1
17020,56288,1
17021,56289,1
17022,56290,1
17023,56291,1
17024,56292,1
17025,56293,1
17027,56295,1
17030,56298,1
17031,56299,1
17032,56300,1
17033,56301,1
17034,56302,1
17035,56303,1
17036,56304,1
17037,56305,1
17038,56306,1
17039,56307,1
17040,56308,1
17042,56310,1
17044,56312,1
17045,56313,1
17046,56314,1
17047,56315,1
17048,56316,1
17049,56317,1
17054,56322,1
17055,56323,1
17056,56324,1
17058,56326,1
17062,56330,1
17063,56331,1
17065,56333,1
17069,56337,1
17074,56342,1
17075,56343,1
17076,56344,1
17077,56345,1
17078,56346,1
17082,56350,1
17083,56351,1
17086,56354,1
17087,56355,1
17088,56356,1
17089,56357,1
17090,56358,1
17091,56359,1
17092,56360,1
17093,56361,1
17094,56362,1
17095,56363,1
17096,56364,1
17097,56365,1
17099,56367,1
17100,56368,1
17101,56369,1
17102,56370,1
17106,56372,1
17108,56374,1
17110,56376,1
17112,56378,1
17113,56379,1
17116,56382,1
17117,56383,1
17118,56384,1
17119,56385,1
17120,56386,1
17121,56387,1
17123,56389,1
17124,56390,1
17126,56392,1
17128,56394,1
17129,56395,1
17130,56396,1
17131,56397,1
17133,56399,1
17134,56400,1
17135,56401,1
17136,56402,1
17138,56404,1
17144,56410,1
17145,56411,1
17146,56412,1
17148,56414,1
17149,56415,1
17154,56420,1
17156,56422,1
17158,56424,1
17159,56425,1
17160,56426,1
17161,56427,1
17162,56428,1
17164,56430,1
17165,56431,1
17168,56434,1
17169,56435,1
17170,56436,1
17171,56437,1
17172,56438,1
17173,56439,1
17174,56440,1
17175,56441,1
17176,56442,1
17177,56443,1
17178,56444,1
17179,56445,1
17180,56446,1
17181,56447,1
17182,56448,1
17183,56449,1
17184,56450,1
17185,56451,1
17186,56452,1
17187,56453,1
17188,56454,1
17189,56455,1
17190,56456,1
17191,56457,1
17192,56458,1
17193,56459,1
17194,56460,1
17199,56463,1
17202,56466,1
17204,56468,1
17205,56469,1
17206,56470,1
17207,56471,1
17208,56472,1
17209,56473,1
17210,56474,1
17211,56475,1
17214,56478,1
17216,56480,1
17217,56481,1
17218,56482,1
17219,56483,1
17220,56484,1
17221,56485,1
17223,56487,1
17224,56488,1
17226,56490,1
17228,56492,1
17229,56493,1
17230,56494,1
17231,56495,1
17232,56496,1
17233,56497,1
17236,56500,1
17244,56504,1
17245,56505,1
17246,56506,1
17247,56507,1
17248,56508,1
17249,56509,1
17251,56511,1
17255,56513,1
17257,56515,1
17259,56517,1
17260,56518,1
17261,56519,1
17262,56520,1
17267,56525,1
17268,56526,1
17269,56527,1
17270,56528,1
17273,56531,1
17274,56532,1
17275,56533,1
17276,56534,1
17277,56535,1
17279,56537,1
17281,56539,1
17282,56540,1
17284,56542,1
17291,56547,1
17293,56549,1
17302,56555,1
17306,56556,1
17311,56559,1
17313,56561,1
17314,56562,1
17315,56563,1
17317,56565,1
17324,56572,1
17326,56574,1
17327,56575,1
17329,56577,1
17330,56578,1
17331,56579,1
17332,56580,1
17338,56584,1
17340,56586,1
17344,56588,1
17346,56590,1
17350,56594,1
17353,56597,1
17354,56598,1
17355,56599,1
17357,56601,1
17359,56603,1
17361,56605,1
17362,56606,1
17363,56607,1
17364,56608,1
17366,56610,1
17367,56611,1
17368,56612,1
17369,56613,1
17371,56615,1
17373,56617,1
17375,56619,1
17376,56620,1
17378,56622,1
17380,56624,1
17382,56626,1
17383,56627,1
17384,56628,1
17385,56629,1
17387,56631,1
17391,56635,1
17392,56636,1
17393,56637,1
17394,56638,1
17395,56639,1
17398,56642,1
17399,56643,1
17401,56645,1
17402,56646,1
17403,56647,1
17404,56648,1
17405,56649,1
17406,56650,1
17407,56651,1
17408,56652,1
17409,56653,1
17410,56654,1
17411,56655,1
17413,56657,1
17415,56659,1
17417,56661,1
17419,56663,1
17421,56665,1
17422,56666,1
17423,56667,1
17424,56668,1
17426,56670,1
17427,56671,1
17428,56672,1
17429,56673,1
17431,56675,1
17432,56676,1
17433,56677,1
17434,56678,1
17435,56679,1
17436,56680,1
17438,56682,1
17440,56684,1
17441,56685,1
17442,56686,1
17443,56687,1
17444,56688,1
17446,56690,1
17447,56691,1
17450,56694,1
17452,56696,1
17453,56697,1
17455,56699,1
17458,56702,1
17460,56704,1
17465,56709,1
17467,56711,1
17469,56713,1
17471,56715,1
17472,56716,1
17473,56717,1
17474,56718,1
17476,56720,1
17477,56721,1
17478,56722,1
17479,56723,1
17480,56724,1
17482,56726,1
17483,56727,1
17484,56728,1
17485,56729,1
17487,56731,1
17489,56733,1
17491,56735,1
17493,56737,1
17495,56739,1
17496,56740,1
17497,56741,1
17498,56742,1
17499,56743,1
17500,56744,1
17501,56745,1
17502,56746,1
17503,56747,1
17504,56748,1
17505,56749,1
17507,56751,1
17508,56752,1
17509,56753,1
17510,56754,1
17512,56756,1
17514,56758,1
17515,56759,1
17517,56761,1
17518,56762,1
17519,56763,1
17520,56764,1
17521,56765,1
17522,56766,1
17523,56767,1
17524,56768,1
17525,56769,1
17526,56770,1
17527,56771,1
17528,56772,1
17529,56773,1
17530,56774,1
17531,56775,1
17532,56776,1
17533,56777,1
17534,56778,1
17535,56779,1
17536,56780,1
17537,56781,1
17538,56782,1
17539,56783,1
17540,56784,1
17544,56788,1
17545,56789,1
17548,56792,1
17552,56796,1
17554,56798,1
17555,56799,1
17556,56800,1
17557,56801,1
17558,56802,1
17559,56803,1
17560,56804,1
17561,56805,1
17562,56806,1
17567,56811,1
17569,56813,1
17570,56814,1
17571,56815,1
17575,56817,1
17576,56818,1
17577,56819,1
17578,56820,1
17579,56821,1
17580,56822,1
17581,56823,1
17587,56829,1
17589,56831,1
17591,56833,1
17597,56839,1
17598,56840,1
17600,56842,1
17601,56843,1
17602,56844,1
17603,56845,1
17605,56847,1
17606,56848,1
17607,56849,1
17608,56850,1
17610,56852,1
17611,56853,1
17612,56854,1
17613,56855,1
17615,56857,1
17617,56859,1
17618,56860,1
17619,56861,1
17620,56862,1
17621,56863,1
17622,56864,1
17624,56866,1
17626,56868,1
17627,56869,1
17628,56870,1
17629,56871,1
17632,56874,1
17634,56876,1
17635,56877,1
17636,56878,1
17637,56879,1
17638,56880,1
17640,56882,1
17641,56883,1
17642,56884,1
17645,56887,1
17651,56893,1
17652,56894,1
17653,56895,1
17654,56896,1
17663,56905,1
17664,56906,1
17665,56907,1
17667,56909,1
17670,56912,1
17675,56917,1
17676,56918,1
17678,56920,1
17679,56921,1
17680,56922,1
17681,56923,1
17682,56924,1
17683,56925,1
17684,56926,1
17686,56928,1
17687,56929,1
17688,56930,1
17689,56931,1
17690,56932,1
17694,56934,1
17695,56935,1
17696,56936,1
17697,56937,1
17698,56938,1
17700,56940,1
17702,56942,1
17704,56944,1
17711,56951,1
17713,56953,1
17714,56954,1
17715,56955,1
17719,56959,1
17721,56961,1
17722,56962,1
17723,56963,1
17724,56964,1
17725,56965,1
17726,56966,1
17730,56968,1
17732,56970,1
17734,56972,1
17736,56974,1
17738,56976,1
17739,56977,1
17741,56979,1
17743,56981,1
17745,56983,1
17746,56984,1
17749,56987,1
17751,56989,1
17753,56991,1
17756,56994,1
17757,56995,1
17758,56996,1
17759,56997,1
17762,57000,1
17764,57002,1
17765,57003,1
17766,57004,1
17767,57005,1
17768,57006,1
17769,57007,1
17770,57008,1
17771,57009,1
17772,57010,1
17773,57011,1
17774,57012,1
17777,57015,1
17778,57016,1
17780,57018,1
17781,57019,1
17782,57020,1
17783,57021,1
17785,57023,1
17786,57024,1
17790,57028,1
17791,57029,1
17792,57030,1
17793,57031,1
17795,57033,1
17797,57035,1
17798,57036,1
17803,57041,1
17804,57042,1
17807,57045,1
17808,57046,1
17809,57047,1
17811,57049,1
17812,57050,1
17813,57051,1
17814,57052,1
17815,57053,1
17816,57054,1
17817,57055,1
17818,57056,1
17819,57057,1
17820,57058,1
17821,57059,1
17822,57060,1
17823,57061,1
17826,57064,1
17827,57065,1
17829,57067,1
17830,57068,1
17831,57069,1
17832,57070,1
17833,57071,1
17835,57073,1
17837,57075,1
17838,57076,1
17841,57079,1
17842,57080,1
17843,57081,1
17844,57082,1
17845,57083,1
17847,57085,1
17848,57086,1
17850,57088,1
17854,57090,1
17856,57092,1
17857,57093,1
17859,57095,1
17860,57096,1
17861,57097,1
17862,57098,1
17863,57099,1
17864,57100,1
17865,57101,1
17866,57102,1
17867,57103,1
17868,57104,1
17870,57106,1
17871,57107,1
17872,57108,1
17874,57110,1
17875,57111,1
17876,57112,1
17877,57113,1
17878,57114,1
17880,57116,1
17881,57117,1
17883,57119,1
17885,57121,1
17886,57122,1
17888,57124,1
17889,57125,1
17890,57126,1
17891,57127,1
17892,57128,1
17893,57129,1
17894,57130,1
17895,57131,1
17896,57132,1
17897,57133,1
17898,57134,1
17899,57135,1
17901,57137,1
17904,57140,1
17905,57141,1
17912,57148,1
17913,57149,1
17917,57153,1
17921,57157,1
17922,57158,1
17923,57159,1
17926,57162,1
17928,57164,1
17929,57165,1
17930,57166,1
17931,57167,1
17932,57168,1
17934,57170,1
17935,57171,1
17937,57173,1
17938,57174,1
17939,57175,1
17940,57176,1
17941,57177,1
17943,57179,1
17946,57182,1
17947,57183,1
17948,57184,1
17949,57185,1
17950,57186,1
17951,57187,1
17954,57190,1
17955,57191,1
17956,57192,1
17957,57193,1
17958,57194,1
17959,57195,1
17961,57197,1
17962,57198,1
17963,57199,1
17964,57200,1
17967,57203,1
17972,57208,1
17974,57210,1
17975,57211,1
17976,57212,1
17977,57213,1
17978,57214,1
17979,57215,1
17980,57216,1
17982,57218,1
17986,57222,1
17987,57223,1
17990,57226,1
17996,57232,1
17997,57233,1
17999,57235,1
18000,57236,1
18001,57237,1
18002,57238,1
18005,57241,1
18006,57242,1
18007,57243,1
18008,57244,1
18009,57245,1
18010,57246,1
18011,57247,1
18014,57250,1
18015,57251,1
18016,57252,1
18017,57253,1
18018,57254,1
18019,57255,1
18020,57256,1
18021,57257,1
18022,57258,1
18023,57259,1
18024,57260,1
18025,57261,1
18026,57262,1
18027,57263,1
18028,57264,1
18029,57265,1
18030,57266,1
18034,57270,1
18038,57272,1
18039,57273,1
18040,57274,1
18044,57276,1
18045,57277,1
18046,57278,1
18047,57279,1
18049,57281,1
18051,57283,1
18053,57285,1
18055,57287,1
18056,57288,1
18057,57289,1
18058,57290,1
18060,57292,1
18061,57293,1
18062,57294,1
18063,57295,1
18065,57297,1
18067,57299,1
18068,57300,1
18069,57301,1
18070,57302,1
18071,57303,1
18072,57304,1
18073,57305,1
18074,57306,1
18075,57307,1
18077,57309,1
18078,57310,1
18079,57311,1
18080,57312,1
18084,57314,1
18085,57315,1
18086,57316,1
18087,57317,1
18095,57323,1
18096,57324,1
18097,57325,1
18098,57326,1
18099,57327,1
18100,57328,1
18101,57329,1
18102,57330,1
18103,57331,1
18104,57332,1
18105,57333,1
18106,57334,1
18107,57335,1
18108,57336,1
18110,57338,1
18111,57339,1
18112,57340,1
18113,57341,1
18114,57342,1
18123,57351,1
18128,57356,1
18129,57357,1
18132,57358,1
18133,57359,1
18134,57360,1
18136,57362,1
18138,57364,1
18140,57366,1
18141,57367,1
18145,57369,1
18150,57374,1
18151,57375,1
18153,57377,1
18154,57378,1
18155,57379,1
18156,57380,1
18157,57381,1
18158,57382,1
18162,57386,1
18164,57388,1
18165,57389,1
18166,57390,1
18168,57392,1
18169,57393,1
18171,57395,1
18173,57397,1
18175,57399,1
18176,57400,1
18177,57401,1
18178,57402,1
18179,57403,1
18180,57404,1
18182,57406,1
18186,57410,1
18188,57412,1
18192,57416,1
18193,57417,1
18194,57418,1
18195,57419,1
18196,57420,1
18198,57422,1
18202,57426,1
18203,57427,1
18204,57428,1
18205,57429,1
18206,57430,1
18207,57431,1
18208,57432,1
18209,57433,1
18210,57434,1
18211,57435,1
18212,57436,1
18213,57437,1
18215,57439,1
18216,57440,1
18217,57441,1
18218,57442,1
18219,57443,1
18220,57444,1
18221,57445,1
18222,57446,1
18223,57447,1
18228,57450,1
18234,57456,1
18238,57460,1
18239,57461,1
18241,57463,1
18242,57464,1
18243,57465,1
18244,57466,1
18245,57467,1
18246,57468,1
18247,57469,1
18248,57470,1
18249,57471,1
18250,57472,1
18251,57473,1
18252,57474,1
18253,57475,1
18254,57476,1
18255,57477,1
18256,57478,1
18257,57479,1
18258,57480,1
18259,57481,1
18260,57482,1
18261,57483,1
18262,57484,1
18263,57485,1
18265,57487,1
18267,57489,1
18268,57490,1
18269,57491,1
18270,57492,1
18271,57493,1
18272,57494,1
18273,57495,1
18274,57496,1
18275,57497,1
18276,57498,1
18277,57499,1
18279,57501,1
18283,57505,1
18284,57506,1
18285,57507,1
18286,57508,1
18287,57509,1
18288,57510,1
18289,57511,1
18290,57512,1
18291,57513,1
18292,57514,1
18293,57515,1
18294,57516,1
18295,57517,1
18297,57519,1
18302,57524,1
18303,57525,1
18305,57527,1
18310,57530,1
18311,57531,1
18312,57532,1
18313,57533,1
18314,57534,1
18315,57535,1
18316,57536,1
18317,57537,1
18318,57538,1
18319,57539,1
18320,57540,1
18321,57541,1
18322,57542,1
18323,57543,1
18325,57545,1
18326,57546,1
18327,57547,1
18328,57548,1
18329,57549,1
18330,57550,1
18331,57551,1
18335,57553,1
18336,57554,1
18337,57555,1
18338,57556,1
18339,57557,1
18340,57558,1
18341,57559,1
18342,57560,1
18343,57561,1
18344,57562,1
18346,57564,1
18347,57565,1
18348,57566,1
18349,57567,1
18350,57568,1
18351,57569,1
18352,57570,1
18353,57571,1
18354,57572,1
18355,57573,1
18359,57575,1
18360,57576,1
18361,57577,1
18362,57578,1
18363,57579,1
18364,57580,1
18365,57581,1
18366,57582,1
18367,57583,1
18368,57584,1
18369,57585,1
18370,57586,1
18371,57587,1
18372,57588,1
18373,57589,1
18379,57595,1
18385,57601,1
18386,57602,1
18387,57603,1
18388,57604,1
18392,57606,1
18393,57607,1
18394,57608,1
18395,57609,1
18397,57611,1
18398,57612,1
18402,57614,1
18403,57615,1
18405,57617,1
18406,57618,1
18407,57619,1
18408,57620,1
18410,57622,1
18411,57623,1
18413,57625,1
18414,57626,1
18415,57627,1
18416,57628,1
18417,57629,1
18418,57630,1
18419,57631,1
18421,57633,1
18422,57634,1
18423,57635,1
18424,57636,1
18426,57638,1
18427,57639,1
18428,57640,1
18429,57641,1
18430,57642,1
18431,57643,1
18432,57644,1
18433,57645,1
18434,57646,1
18435,57647,1
18436,57648,1
18437,57649,1
18439,57651,1
18443,57655,1
18445,57657,1
18446,57658,1
18447,57659,1
18448,57660,1
18450,57662,1
18451,57663,1
18452,57664,1
18453,57665,1
18455,57667,1
18456,57668,1
18457,57669,1
18458,57670,1
18459,57671,1
18463,57673,1
18464,57674,1
18465,57675,1
18466,57676,1
18467,57677,1
18468,57678,1
18469,57679,1
18470,57680,1
18471,57681,1
18472,57682,1
18473,57683,1
18474,57684,1
18475,57685,1
18476,57686,1
18477,57687,1
18478,57688,1
18479,57689,1
18480,57690,1
18481,57691,1
18482,57692,1
18483,57693,1
18485,57695,1
18487,57697,1
18489,57699,1
18490,57700,1
18491,57701,1
18494,57704,1
18495,57705,1
18497,57707,1
18498,57708,1
18499,57709,1
18501,57710,1
18504,57713,1
18506,57715,1
18507,57716,1
18508,57717,1
18509,57718,1
18510,57719,1
18511,57720,1
18512,57721,1
18514,57723,1
18515,57724,1
18517,57726,1
18519,57728,1
18521,57730,1
18522,57731,1
18524,57733,1
18527,57735,1
18528,57736,1
18529,57737,1
18530,57738,1
18531,57739,1
18532,57740,1
18533,57741,1
18534,57742,1
18535,57743,1
18537,57745,1
18539,57747,1
18540,57748,1
18541,57749,1
18542,57750,1
18543,57751,1
18546,57754,1
18547,57755,1
18548,57756,1
18549,57757,1
18551,57759,1
18552,57760,1
18553,57761,1
18554,57762,1
18555,57763,1
18556,57764,1
18557,57765,1
18558,57766,1
18560,57768,1
18562,57769,1
18563,57770,1
18564,57771,1
18566,57773,1
18568,57775,1
18569,57776,1
18570,57777,1
18571,57778,1
18572,57779,1
18573,57780,1
18574,57781,1
18575,57782,1
18577,57784,1
18579,57786,1
18582,57788,1
18585,57789,1
18587,57791,1
18588,57792,1
18589,57793,1
18590,57794,1
18592,57796,1
18596,57800,1
18597,57801,1
18598,57802,1
18599,57803,1
18600,57804,1
18601,57805,1
18602,57806,1
18604,57808,1
18606,57810,1
18607,57811,1
18611,57815,1
18612,57816,1
18614,57818,1
18615,57819,1
18616,57820,1
18617,57821,1
18619,57823,1
18621,57825,1
18622,57826,1
18623,57827,1
18624,57828,1
18625,57829,1
18626,57830,1
18627,57831,1
18628,57832,1
18630,57834,1
18632,57836,1
18633,57837,1
18636,57840,1
18637,57841,1
18638,57842,1
18639,57843,1
18642,57846,1
18647,57851,1
18648,57852,1
18650,57854,1
18651,57855,1
18652,57856,1
18653,57857,1
18654,57858,1
18656,57860,1
18657,57861,1
18658,57862,1
18659,57863,1
18660,57864,1
18661,57865,1
18663,57867,1
18664,57868,1
18665,57869,1
18666,57870,1
18667,57871,1
18668,57872,1
18669,57873,1
18670,57874,1
18671,57875,1
18672,57876,1
18674,57878,1
18675,57879,1
18676,57880,1
18677,57881,1
18678,57882,1
18679,57883,1
18680,57884,1
18681,57885,1
18682,57886,1
18685,57888,1
18686,57889,1
18687,57890,1
18688,57891,1
18689,57892,1
18695,57898,1
18696,57899,1
18697,57900,1
18698,57901,1
18704,57907,1
18705,57908,1
18706,57909,1
18707,57910,1
18708,57911,1
18709,57912,1
18710,57913,1
18711,57914,1
18712,57915,1
18713,57916,1
18714,57917,1
18716,57919,1
18719,57922,1
18720,57923,1
18723,57926,1
18724,57927,1
18726,57929,1
18728,57931,1
18729,57932,1
18730,57933,1
18731,57934,1
18733,57936,1
18735,57938,1
18736,57939,1
18738,57941,1
18739,57942,1
18740,57943,1
18743,57945,1
18745,57946,1
18747,57947,1
18749,57949,1
18751,57950,1
18753,57951,1
18755,57952,1
18757,57953,1
18758,57954,1
18759,57955,1
18761,57956,1
18764,57958,1
18765,57959,1
18766,57960,1
18767,57961,1
18768,57962,1
18769,57963,1
18770,57964,1
18771,57965,1
18772,57966,1
18773,57967,1
18775,57969,1
18776,57970,1
18779,57972,1
18781,57973,1
18783,57975,1
18784,57976,1
18785,57977,1
18786,57978,1
18787,57979,1
18788,57980,1
18791,57983,1
18792,57984,1
18794,57986,1
18798,57990,1
18800,57992,1
18801,57993,1
18803,57995,1
18804,57996,1
18805,57997,1
18806,57998,1
18807,57999,1
18808,58000,1
18809,58001,1
18811,58003,1
18813,58005,1
18814,58006,1
18816,58008,1
18817,58009,1
18818,58010,1
18820,58011,1
18821,58012,1
18822,58013,1
18823,58014,1
18825,58015,1
18826,58016,1
18827,58017,1
18828,58018,1
18829,58019,1
18830,58020,1
18831,58021,1
18832,58022,1
18834,58024,1
18835,58025,1
18836,58026,1
18837,58027,1
18839,58029,1
18841,58031,1
18843,58033,1
18847,58037,1
18848,58038,1
18850,58040,1
18852,58042,1
18853,58043,1
18854,58044,1
18855,58045,1
18857,58047,1
18858,58048,1
18859,58049,1
18860,58050,1
18861,58051,1
18862,58052,1
18863,58053,1
18865,58055,1
18868,58058,1
18869,58059,1
18870,58060,1
18871,58061,1
18872,58062,1
18873,58063,1
18876,58066,1
18877,58067,1
18880,58069,1
18882,58071,1
18883,58072,1
18884,58073,1
18885,58074,1
18887,58076,1
18888,58077,1
18889,58078,1
18890,58079,1
18891,58080,1
18892,58081,1
18893,58082,1
18894,58083,1
18896,58085,1
18899,58088,1
18900,58089,1
18903,58092,1
18904,58093,1
18907,58096,1
18908,58097,1
18913,58102,1
18915,58104,1
18916,58105,1
18917,58106,1
18918,58107,1
18920,58109,1
18921,58110,1
18922,58111,1
18923,58112,1
18924,58113,1
18927,58114,1
18930,58117,1
18931,58118,1
18932,58119,1
18933,58120,1
18935,58122,1
18936,58123,1
18937,58124,1
18939,58126,1
18940,58127,1
18941,58128,1
18945,58130,1
18947,58132,1
18949,58134,1
18952,58137,1
18955,58140,1
18957,58142,1
18958,58143,1
18959,58144,1
18960,58145,1
18961,58146,1
18962,58147,1
18963,58148,1
18964,58149,1
18965,58150,1
18966,58151,1
18967,58152,1
18968,58153,1
18969,58154,1
18970,58155,1
18971,58156,1
18972,58157,1
18973,58158,1
18974,58159,1
18975,58160,1
18976,58161,1
18977,58162,1
18978,58163,1
18979,58164,1
18980,58165,1
18981,58166,1
18982,58167,1
18985,58170,1
18988,58171,1
18992,58175,1
18995,58178,1
18996,58179,1
18997,58180,1
18998,58181,1
18999,58182,1
19000,58183,1
19001,58184,1
19002,58185,1
19003,58186,1
19004,58187,1
19005,58188,1
19007,58190,1
19008,58191,1
19009,58192,1
19010,58193,1
19012,58195,1
19014,58197,1
19016,58199,1
19017,58200,1
19018,58201,1
19019,58202,1
19024,58205,1
19025,58206,1
19026,58207,1
19027,58208,1
19028,58209,1
19030,58211,1
19032,58213,1
19033,58214,1
19034,58215,1
19035,58216,1
19037,58218,1
19038,58219,1
19039,58220,1
19041,58222,1
19042,58223,1
19043,58224,1
19044,58225,1
19045,58226,1
19050,58231,1
19051,58232,1
19053,58234,1
19054,58235,1
19058,58237,1
19059,58238,1
19060,58239,1
19061,58240,1
19062,58241,1
19063,58242,1
19065,58244,1
19067,58246,1
19068,58247,1
19069,58248,1
19070,58249,1
19072,58251,1
19074,58253,1
19075,58254,1
19076,58255,1
19077,58256,1
19078,58257,1
19079,58258,1
19081,58260,1
19082,58261,1
19083,58262,1
19084,58263,1
19085,58264,1
19086,58265,1
19087,58266,1
19088,58267,1
19089,58268,1
19090,58269,1
19091,58270,1
19092,58271,1
19093,58272,1
19094,58273,1
19095,58274,1
19096,58275,1
19097,58276,1
19098,58277,1
19099,58278,1
19100,58279,1
19101,58280,1
19102,58281,1
19103,58282,1
19104,58283,1
19105,58284,1
19106,58285,1
19107,58286,1
19108,58287,1
19109,58288,1
19110,58289,1
19111,58290,1
19112,58291,1
19113,58292,1
19114,58293,1
19115,58294,1
19116,58295,1
19118,58297,1
19119,58298,1
19120,58299,1
19121,58300,1
19122,58301,1
19123,58302,1
19124,58303,1
19125,58304,1
19126,58305,1
19127,58306,1
19128,58307,1
19129,58308,1
19130,58309,1
19131,58310,1
19132,58311,1
19133,58312,1
19134,58313,1
19135,58314,1
19136,58315,1
19137,58316,1
19138,58317,1
19139,58318,1
19140,58319,1
19141,58320,1
19142,58321,1
19143,58322,1
19144,58323,1
19145,58324,1
19146,58325,1
19147,58326,1
19148,58327,1
19149,58328,1
19150,58329,1
19151,58330,1
19152,58331,1
19153,58332,1
19154,58333,1
19155,58334,1
19156,58335,1
19157,58336,1
19158,58337,1
19159,58338,1
19161,58340,1
19162,58341,1
19163,58342,1
19164,58343,1
19165,58344,1
19166,58345,1
19167,58346,1
19168,58347,1
19169,58348,1
19170,58349,1
19171,58350,1
19172,58351,1
19173,58352,1
19174,58353,1
19175,58354,1
19176,58355,1
19177,58356,1
19178,58357,1
19179,58358,1
19180,58359,1
19181,58360,1
19182,58361,1
19183,58362,1
19184,58363,1
19185,58364,1
19186,58365,1
19187,58366,1
19188,58367,1
19189,58368,1
19190,58369,1
19191,58370,1
19192,58371,1
19193,58372,1
19194,58373,1
19195,58374,1
19196,58375,1
19197,58376,1
19198,58377,1
19199,58378,1
19200,58379,1
19201,58380,1
19202,58381,1
19203,58382,1
19204,58383,1
19205,58384,1
19206,58385,1
19207,58386,1
19208,58387,1
19210,58389,1
19211,58390,1
19212,58391,1
19213,58392,1
19214,58393,1
19215,58394,1
19216,58395,1
19217,58396,1
19218,58397,1
19219,58398,1
19220,58399,1
19221,58400,1
19222,58401,1
19223,58402,1
19224,58403,1
19225,58404,1
19226,58405,1
19227,58406,1
19229,58408,1
19233,58412,1
19234,58413,1
19235,58414,1
19239,58418,1
19240,58419,1
19241,58420,1
19242,58421,1
19243,58422,1
19244,58423,1
19246,58425,1
19247,58426,1
19248,58427,1
19249,58428,1
19251,58430,1
19252,58431,1
19253,58432,1
19254,58433,1
19255,58434,1
19256,58435,1
19257,58436,1
19258,58437,1
19259,58438,1
19260,58439,1
19261,58440,1
19262,58441,1
19263,58442,1
19264,58443,1
19265,58444,1
19271,58450,1
19272,58451,1
19274,58453,1
19275,58454,1
19277,58456,1
19278,58457,1
19279,58458,1
19280,58459,1
19281,58460,1
19282,58461,1
19283,58462,1
19287,58466,1
19288,58467,1
19289,58468,1
19290,58469,1
19291,58470,1
19292,58471,1
19293,58472,1
19294,58473,1
19296,58475,1
19298,58477,1
19299,58478,1
19303,58482,1
19305,58484,1
19306,58485,1
19309,58488,1
19312,58491,1
19314,58493,1
19315,58494,1
19316,58495,1
19317,58496,1
19319,58498,1
19320,58499,1
19322,58501,1
19324,58503,1
19327,58506,1
19328,58507,1
19330,58509,1
19332,58511,1
19334,58513,1
19335,58514,1
19336,58515,1
19337,58516,1
19338,58517,1
19339,58518,1
19340,58519,1
19341,58520,1
19355,58534,1
19363,58542,1
19365,58544,1
19369,58548,1
19370,58549,1
19371,58550,1
19373,58552,1
19377,58556,1
19378,58557,1
19380,58559,1
19383,58562,1
19385,58564,1
19388,58567,1
19390,58569,1
19391,58570,1
19392,58571,1
19393,58572,1
19394,58573,1
19395,58574,1
19396,58575,1
19397,58576,1
19398,58577,1
19399,58578,1
19400,58579,1
19401,58580,1
19402,58581,1
19403,58582,1
19404,58583,1
19405,58584,1
19410,58589,1
19415,58594,1
19416,58595,1
19417,58596,1
19418,58597,1
19419,58598,1
19420,58599,1
19421,58600,1
19422,58601,1
19423,58602,1
19424,58603,1
19428,58607,1
19429,58608,1
19430,58609,1
19431,58610,1
19432,58611,1
19433,58612,1
19434,58613,1
19435,58614,1
19436,58615,1
19437,58616,1
19438,58617,1
19439,58618,1
19440,58619,1
19441,58620,1
19442,58621,1
19443,58622,1
19444,58623,1
19445,58624,1
19446,58625,1
19448,58627,1
19449,58628,1
19453,58632,1
19454,58633,1
19455,58634,1
19456,58635,1
19457,58636,1
19458,58637,1
19459,58638,1
19460,58639,1
19461,58640,1
19465,58644,1
19466,58645,1
19468,58647,1
19469,58648,1
19470,58649,1
19471,58650,1
19472,58651,1
19473,58652,1
19474,58653,1
19475,58654,1
19477,58656,1
19478,58657,1
19479,58658,1
19480,58659,1
19486,58665,1
19491,58670,1
19493,58672,1
19494,58673,1
19495,58674,1
19496,58675,1
19497,58676,1
19498,58677,1
19499,58678,1
19500,58679,1
19501,58680,1
19502,58681,1
19503,58682,1
19504,58683,1
19505,58684,1
19506,58685,1
19507,58686,1
19508,58687,1
19509,58688,1
19510,58689,1
19511,58690,1
19512,58691,1
19513,58692,1
19514,58693,1
19515,58694,1
19516,58695,1
19517,58696,1
19522,58701,1
19523,58702,1
19524,58703,1
19525,58704,1
19526,58705,1
19527,58706,1
19528,58707,1
19529,58708,1
19530,58709,1
19531,58710,1
19532,58711,1
19533,58712,1
19534,58713,1
19535,58714,1
19536,58715,1
19537,58716,1
19538,58717,1
19539,58718,1
19540,58719,1
19541,58720,1
19545,58724,1
19546,58725,1
19548,58727,1
19550,58729,1
19551,58730,1
19552,58731,1
19553,58732,1
19554,58733,1
19555,58734,1
19556,58735,1
19557,58736,1
19558,58737,1
19559,58738,1
19560,58739,1
19561,58740,1
19562,58741,1
19563,58742,1
19566,58745,1
19568,58747,1
19569,58748,1
19570,58749,1
19573,58752,1
19574,58753,1
19575,58754,1
19576,58755,1
19577,58756,1
19578,58757,1
19579,58758,1
19580,58759,1
19581,58760,1
19582,58761,1
19583,58762,1
19584,58763,1
19585,58764,1
19586,58765,1
19587,58766,1
19588,58767,1
19589,58768,1
19590,58769,1
19592,58771,1
19595,58774,1
19596,58775,1
19597,58776,1
19598,58777,1
19599,58778,1
19600,58779,1
19601,58780,1
19603,58782,1
19605,58784,1
19611,58790,1
19613,58792,1
19617,58796,1
19619,58798,1
19620,58799,1
19622,58801,1
19624,58803,1
19626,58805,1
19628,58807,1
19629,58808,1
19630,58809,1
19631,58810,1
19632,58811,1
19633,58812,1
19634,58813,1
19635,58814,1
19636,58815,1
19639,58818,1
19640,58819,1
19641,58820,1
19642,58821,1
19643,58822,1
19644,58823,1
19645,58824,1
19646,58825,1
19647,58826,1
19648,58827,1
19649,58828,1
19650,58829,1
19651,58830,1
19652,58831,1
19653,58832,1
19654,58833,1
19656,58835,1
19657,58836,1
19658,58837,1
19659,58838,1
19660,58839,1
19662,58841,1
19664,58843,1
19665,58844,1
19666,58845,1
19667,58846,1
19668,58847,1
19669,58848,1
19670,58849,1
19671,58850,1
19672,58851,1
19673,58852,1
19674,58853,1
19675,58854,1
19676,58855,1
19677,58856,1
19678,58857,1
19679,58858,1
19681,58860,1
19682,58861,1
19684,58863,1
19686,58865,1
19687,58866,1
19688,58867,1
19689,58868,1
19690,58869,1
19691,58870,1
19692,58871,1
19693,58872,1
19694,58873,1
19695,58874,1
19696,58875,1
19697,58876,1
19701,58880,1
19705,58884,1
19706,58885,1
19707,58886,1
19708,58887,1
19709,58888,1
19710,58889,1
19711,58890,1
19712,58891,1
19713,58892,1
19715,58894,1
19716,58895,1
19717,58896,1
19718,58897,1
19719,58898,1
19720,58899,1
19721,58900,1
19722,58901,1
19723,58902,1
19724,58903,1
19725,58904,1
19729,58908,1
19734,58913,1
19735,58914,1
19736,58915,1
19737,58916,1
19738,58917,1
19739,58918,1
19740,58919,1
19741,58920,1
19742,58921,1
19744,58923,1
19745,58924,1
19747,58926,1
19749,58928,1
19753,58932,1
19755,58934,1
19756,58935,1
19757,58936,1
19761,58940,1
19762,58941,1
19763,58942,1
19764,58943,1
19765,58944,1
19768,58947,1
19769,58948,1
19771,58950,1
19772,58951,1
19774,58953,1
19776,58955,1
19778,58957,1
19779,58958,1
19780,58959,1
19781,58960,1
19782,58961,1
19783,58962,1
19784,58963,1
19785,58964,1
19791,58970,1
19792,58971,1
19793,58972,1
19794,58973,1
19795,58974,1
19796,58975,1
19797,58976,1
19798,58977,1
19799,58978,1
19800,58979,1
19801,58980,1
19803,58982,1
19806,58985,1
19807,58986,1
19808,58987,1
19809,58988,1
19810,58989,1
19811,58990,1
19813,58992,1
19814,58993,1
19815,58994,1
19816,58995,1
19817,58996,1
19820,58999,1
19821,59000,1
19822,59001,1
19823,59002,1
19824,59003,1
19825,59004,1
19828,59007,1
19829,59008,1
19830,59009,1
19831,59010,1
19832,59011,1
19833,59012,1
19834,59013,1
19835,59014,1
19836,59015,1
19837,59016,1
19838,59017,1
19839,59018,1
19840,59019,1
19841,59020,1
19842,59021,1
19843,59022,1
19844,59023,1
19845,59024,1
19846,59025,1
19847,59026,1
19848,59027,1
19849,59028,1
19850,59029,1
19851,59030,1
19853,59032,1
19855,59034,1
19857,59036,1
19858,59037,1
19859,59038,1
19860,59039,1
19861,59040,1
19862,59041,1
19863,59042,1
19864,59043,1
19865,59044,1
19866,59045,1
19867,59046,1
19869,59048,1
19870,59049,1
19872,59051,1
19873,59052,1
19874,59053,1
19875,59054,1
19876,59055,1
19877,59056,1
19878,59057,1
19879,59058,1
19880,59059,1
19881,59060,1
19882,59061,1
19883,59062,1
19885,59064,1
19887,59066,1
19888,59067,1
19889,59068,1
19891,59070,1
19895,59074,1
19896,59075,1
19897,59076,1
19898,59077,1
19903,59082,1
19905,59084,1
19909,59088,1
19911,59090,1
19912,59091,1
19913,59092,1
19914,59093,1
19915,59094,1
19917,59096,1
19919,59098,1
19920,59099,1
19921,59100,1
19922,59101,1
19923,59102,1
19924,59103,1
19925,59104,1
19926,59105,1
19927,59106,1
19928,59107,1
19929,59108,1
19930,59109,1
19931,59110,1
19932,59111,1
19933,59112,1
19934,59113,1
19935,59114,1
19936,59115,1
19937,59116,1
19938,59117,1
19939,59118,1
19940,59119,1
19941,59120,1
19942,59121,1
19943,59122,1
19944,59123,1
19945,59124,1
19946,59125,1
19947,59126,1
19949,59128,1
19953,59132,1
19954,59133,1
19955,59134,1
19956,59135,1
19958,59137,1
19960,59139,1
19961,59140,1
19963,59142,1
19964,59143,1
19965,59144,1
19966,59145,1
19970,59149,1
19974,59153,1
19975,59154,1
19976,59155,1
19977,59156,1
19979,59158,1
19981,59160,1
19982,59161,1
19983,59162,1
19984,59163,1
19985,59164,1
19986,59165,1
19987,59166,1
19988,59167,1
19989,59168,1
19990,59169,1
19991,59170,1
19993,59172,1
19996,59175,1
19997,59176,1
19998,59177,1
19999,59178,1
20000,59179,1
20001,59180,1
20002,59181,1
20003,59182,1
20004,59183,1
20005,59184,1
20006,59185,1
20008,59187,1
20009,59188,1
20011,59190,1
20013,59191,1
20014,59192,1
20015,59193,1
20020,59198,1
20024,59202,1
20025,59203,1
20026,59204,1
20027,59205,1
20028,59206,1
20030,59208,1
20037,59215,1
20038,59216,1
20039,59217,1
20040,59218,1
20041,59219,1
20044,59222,1
20045,59223,1
20046,59224,1
20047,59225,1
20048,59226,1
20049,59227,1
20052,59230,1
20055,59233,1
20057,59235,1
20059,59237,1
20060,59238,1
20061,59239,1
20062,59240,1
20064,59242,1
20066,59244,1
20069,59247,1
20070,59248,1
20071,59249,1
20072,59250,1
20073,59251,1
20074,59252,1
20075,59253,1
20076,59254,1
20077,59255,1
20078,59256,1
20079,59257,1
20080,59258,1
20081,59259,1
20082,59260,1
20083,59261,1
20084,59262,1
20085,59263,1
20086,59264,1
20087,59265,1
20089,59267,1
20091,59269,1
20092,59270,1
20093,59271,1
20098,59276,1
20099,59277,1
20100,59278,1
20103,59281,1
20105,59283,1
20106,59284,1
20108,59286,1
20109,59287,1
20111,59289,1
20113,59291,1
20118,59296,1
20119,59297,1
20122,59300,1
20123,59301,1
20124,59302,1
20128,59306,1
20129,59307,1
20131,59309,1
20132,59310,1
20133,59311,1
20134,59312,1
20135,59313,1
20137,59315,1
20138,59316,1
20140,59318,1
20142,59320,1
20143,59321,1
20144,59322,1
20145,59323,1
20146,59324,1
20147,59325,1
20148,59326,1
20149,59327,1
20150,59328,1
20151,59329,1
20152,59330,1
20153,59331,1
20154,59332,1
20155,59333,1
20156,59334,1
20157,59335,1
20158,59336,1
20159,59337,1
20160,59338,1
20161,59339,1
20162,59340,1
20165,59343,1
20166,59344,1
20167,59345,1
20168,59346,1
20169,59347,1
20170,59348,1
20171,59349,1
20173,59351,1
20175,59353,1
20177,59355,1
20178,59356,1
20179,59357,1
20181,59359,1
20182,59360,1
20183,59361,1
20184,59362,1
20185,59363,1
20186,59364,1
20187,59365,1
20188,59366,1
20191,59369,1
20192,59370,1
20193,59371,1
20194,59372,1
20197,59375,1
20198,59376,1
20199,59377,1
20200,59378,1
20201,59379,1
20202,59380,1
20204,59382,1
20205,59383,1
20209,59387,1
20210,59388,1
20211,59389,1
20212,59390,1
20214,59392,1
20216,59394,1
20217,59395,1
20218,59396,1
20220,59398,1
20222,59400,1
20223,59401,1
20224,59402,1
20225,59403,1
20226,59404,1
20227,59405,1
20233,59411,1
20234,59412,1
20235,59413,1
20236,59414,1
20237,59415,1
20238,59416,1
20239,59417,1
20240,59418,1
20242,59420,1
20244,59422,1
20245,59423,1
20246,59424,1
20247,59425,1
20248,59426,1
20252,59430,1
20257,59435,1
20260,59438,1
20261,59439,1
20262,59440,1
20263,59441,1
20264,59442,1
20265,59443,1
20266,59444,1
20267,59445,1
20268,59446,1
20269,59447,1
20271,59449,1
20273,59451,1
20276,59454,1
20277,59455,1
20278,59456,1
20279,59457,1
20280,59458,1
20283,59461,1
20284,59462,1
20285,59463,1
20286,59464,1
20287,59465,1
20288,59466,1
20289,59467,1
20290,59468,1
20291,59469,1
20292,59470,1
20293,59471,1
20294,59472,1
20295,59473,1
20296,59474,1
20297,59475,1
20298,59476,1
20299,59477,1
20300,59478,1
20301,59479,1
20302,59480,1
20306,59484,1
20309,59487,1
20310,59488,1
20311,59489,1
20314,59492,1
20315,59493,1
20316,59494,1
20317,59495,1
20318,59496,1
20324,59502,1
20325,59503,1
20329,59507,1
20330,59508,1
20331,59509,1
20332,59510,1
20333,59511,1
20339,59517,1
20341,59519,1
20342,59520,1
20347,59525,1
20348,59526,1
20350,59528,1
20351,59529,1
20353,59531,1
20354,59532,1
20355,59533,1
20356,59534,1
20357,59535,1
20358,59536,1
20359,59537,1
20360,59538,1
20362,59540,1
20365,59543,1
20366,59544,1
20367,59545,1
20369,59547,1
20370,59548,1
20372,59550,1
20373,59551,1
20374,59552,1
20375,59553,1
20376,59554,1
20377,59555,1
20378,59556,1
20379,59557,1
20380,59558,1
20381,59559,1
20382,59560,1
20383,59561,1
20384,59562,1
20385,59563,1
20386,59564,1
20387,59565,1
20388,59566,1
20389,59567,1
20390,59568,1
20391,59569,1
20392,59570,1
20393,59571,1
20394,59572,1
20396,59574,1
20398,59576,1
20399,59577,1
20400,59578,1
20401,59579,1
20402,59580,1
20403,59581,1
20404,59582,1
20405,59583,1
20406,59584,1
20407,59585,1
20408,59586,1
20409,59587,1
20410,59588,1
20411,59589,1
20412,59590,1
20413,59591,1
20414,59592,1
20415,59593,1
20416,59594,1
20417,59595,1
20418,59596,1
20419,59597,1
20420,59598,1
20422,59600,1
20424,59602,1
20425,59603,1
20426,59604,1
20433,59611,1
20434,59612,1
20435,59613,1
20436,59614,1
20437,59615,1
20440,59618,1
20441,59619,1
20442,59620,1
20443,59621,1
20444,59622,1
20445,59623,1
20446,59624,1
20447,59625,1
20448,59626,1
20449,59627,1
20454,59632,1
20455,59633,1
20456,59634,1
20457,59635,1
20458,59636,1
20460,59638,1
20467,59645,1
20468,59646,1
20469,59647,1
20471,59649,1
20473,59651,1
20474,59652,1
20475,59653,1
20478,59656,1
20479,59657,1
20480,59658,1
20481,59659,1
20482,59660,1
20483,59661,1
20485,59663,1
20489,59665,1
20490,59666,1
20491,59667,1
20492,59668,1
20493,59669,1
20494,59670,1
20495,59671,1
20500,59676,1
20506,59682,1
20507,59683,1
20508,59684,1
20509,59685,1
20510,59686,1
20511,59687,1
20513,59689,1
20514,59690,1
20515,59691,1
20516,59692,1
20518,59694,1
20520,59696,1
20523,59699,1
20525,59701,1
20526,59702,1
20527,59703,1
20528,59704,1
20529,59705,1
20530,59706,1
20534,59710,1
20536,59712,1
20538,59714,1
20539,59715,1
20540,59716,1
20541,59717,1
20542,59718,1
20548,59724,1
20549,59725,1
20557,59733,1
20560,59736,1
20561,59737,1
20562,59738,1
20563,59739,1
20564,59740,1
20565,59741,1
20568,59744,1
20569,59745,1
20570,59746,1
20571,59747,1
20576,59752,1
20579,59755,1
20587,59761,1
20588,59762,1
20589,59763,1
20590,59764,1
20592,59766,1
20593,59767,1
20594,59768,1
20595,59769,1
20597,59771,1
20599,59773,1
20600,59774,1
20601,59775,1
20602,59776,1
20603,59777,1
20604,59778,1
20607,59780,1
20610,59782,1
20612,59784,1
20616,59788,1
20618,59790,1
20619,59791,1
20620,59792,1
20622,59794,1
20623,59795,1
20624,59796,1
20632,59802,1
20633,59803,1
20634,59804,1
20637,59807,1
20638,59808,1
20639,59809,1
20641,59811,1
20642,59812,1
20643,59813,1
20644,59814,1
20645,59815,1
20646,59816,1
20647,59817,1
20648,59818,1
20649,59819,1
20650,59820,1
20651,59821,1
20654,59824,1
20655,59825,1
20656,59826,1
20657,59827,1
20658,59828,1
20659,59829,1
20660,59830,1
20661,59831,1
20662,59832,1
20663,59833,1
20667,59835,1
20668,59836,1
20669,59837,1
20670,59838,1
20671,59839,1
20672,59840,1
20673,59841,1
20674,59842,1
20675,59843,1
20676,59844,1
20678,59846,1
20682,59848,1
20683,59849,1
20684,59850,1
20685,59851,1
20687,59853,1
20688,59854,1
20689,59855,1
20690,59856,1
20691,59857,1
20692,59858,1
20693,59859,1
20694,59860,1
20695,59861,1
20696,59862,1
20698,59864,1
20699,59865,1
20701,59867,1
20702,59868,1
20703,59869,1
20705,59871,1
20706,59872,1
20707,59873,1
20708,59874,1
20709,59875,1
20711,59877,1
20712,59878,1
20713,59879,1
20715,59881,1
20716,59882,1
20717,59883,1
20718,59884,1
20722,59886,1
20723,59887,1
20724,59888,1
20725,59889,1
20726,59890,1
20730,59892,1
20731,59893,1
20732,59894,1
20734,59896,1
20735,59897,1
20736,59898,1
20738,59900,1
20739,59901,1
20742,59904,1
20743,59905,1
20744,59906,1
20745,59907,1
20746,59908,1
20747,59909,1
20748,59910,1
20749,59911,1
20753,59913,1
20754,59914,1
20757,59917,1
20758,59918,1
20761,59921,1
20766,59926,1
20768,59928,1
20769,59929,1
20770,59930,1
20771,59931,1
20772,59932,1
20773,59933,1
20774,59934,1
20779,59939,1
20780,59940,1
20781,59941,1
20782,59942,1
20783,59943,1
20785,59945,1
20786,59946,1
20787,59947,1
20788,59948,1
20789,59949,1
20790,59950,1
20791,59951,1
20792,59952,1
20793,59953,1
20794,59954,1
20795,59955,1
20796,59956,1
20797,59957,1
20798,59958,1
20799,59959,1
20800,59960,1
20801,59961,1
20802,59962,1
20803,59963,1
20804,59964,1
20805,59965,1
20808,59968,1
20809,59969,1
20810,59970,1
20811,59971,1
20812,59972,1
20813,59973,1
20815,59975,1
20816,59976,1
20817,59977,1
20818,59978,1
20819,59979,1
20820,59980,1
20821,59981,1
20822,59982,1
20824,59984,1
20825,59985,1
20826,59986,1
20830,59988,1
20832,59990,1
20834,59992,1
20835,59993,1
20837,59995,1
20839,59997,1
20842,60000,1
20846,60004,1
20847,60005,1
20849,60007,1
20851,60009,1
20853,60011,1
20855,60013,1
20856,60014,1
20857,60015,1
20858,60016,1
20859,60017,1
20860,60018,1
20863,60021,1
20864,60022,1
20865,60023,1
20866,60024,1
20867,60025,1
20868,60026,1
20869,60027,1
20870,60028,1
20871,60029,1
20872,60030,1
20873,60031,1
20874,60032,1
20875,60033,1
20877,60035,1
20878,60036,1
20882,60038,1
20883,60039,1
20884,60040,1
20886,60042,1
20887,60043,1
20888,60044,1
20892,60046,1
20893,60047,1
20894,60048,1
20895,60049,1
20896,60050,1
20897,60051,1
20899,60053,1
20900,60054,1
20901,60055,1
20902,60056,1
20903,60057,1
20904,60058,1
20905,60059,1
20909,60061,1
20910,60062,1
20911,60063,1
20912,60064,1
20913,60065,1
20914,60066,1
20916,60068,1
20917,60069,1
20918,60070,1
20920,60072,1
20921,60073,1
20922,60074,1
20923,60075,1
20924,60076,1
20925,60077,1
20926,60078,1
20927,60079,1
20928,60080,1
20929,60081,1
20930,60082,1
20939,60091,1
20943,60093,1
20944,60094,1
20945,60095,1
20946,60096,1
20948,60098,1
20950,60100,1
20951,60101,1
20952,60102,1
20953,60103,1
20954,60104,1
20956,60106,1
20958,60108,1
20960,60110,1
20962,60112,1
20964,60114,1
20968,60116,1
20969,60117,1
20970,60118,1
20971,60119,1
20972,60120,1
20973,60121,1
20974,60122,1
20975,60123,1
20976,60124,1
20978,60126,1
20979,60127,1
20981,60129,1
20985,60131,1
20986,60132,1
20989,60135,1
20990,60136,1
20991,60137,1
20993,60139,1
20994,60140,1
20996,60142,1
21001,60147,1
21002,60148,1
21009,60153,1
21011,60155,1
21013,60157,1
21014,60158,1
21017,60161,1
21019,60163,1
21020,60164,1
21021,60165,1
21022,60166,1
21023,60167,1
21024,60168,1
21025,60169,1
21026,60170,1
21027,60171,1
21028,60172,1
21030,60174,1
21031,60175,1
21036,60180,1
21037,60181,1
21039,60183,1
21040,60184,1
21041,60185,1
21042,60186,1
21044,60188,1
21049,60193,1
21054,60198,1
21055,60199,1
21056,60200,1
21057,60201,1
21058,60202,1
21059,60203,1
21060,60204,1
21061,60205,1
21062,60206,1
21069,60213,1
21070,60214,1
21071,60215,1
21073,60217,1
21074,60218,1
21075,60219,1
21076,60220,1
21077,60221,1
21078,60222,1
21081,60223,1
21083,60225,1
21085,60227,1
21086,60228,1
21089,60231,1
21090,60232,1
21091,60233,1
21095,60235,1
21097,60237,1
21099,60239,1
21100,60240,1
21101,60241,1
21102,60242,1
21103,60243,1
21104,60244,1
21105,60245,1
21106,60246,1
21107,60247,1
21108,60248,1
21109,60249,1
21113,60253,1
21114,60254,1
21115,60255,1
21117,60257,1
21119,60259,1
21120,60260,1
21121,60261,1
21122,60262,1
21123,60263,1
21124,60264,1
21125,60265,1
21126,60266,1
21127,60267,1
21128,60268,1
21129,60269,1
21133,60271,1
21135,60273,1
21136,60274,1
21137,60275,1
21142,60280,1
21145,60283,1
21146,60284,1
21148,60286,1
21149,60287,1
21151,60289,1
21152,60290,1
21153,60291,1
21154,60292,1
21155,60293,1
21156,60294,1
21159,60297,1
21161,60299,1
21162,60300,1
21164,60302,1
21166,60304,1
21167,60305,1
21168,60306,1
21169,60307,1
21170,60308,1
21171,60309,1
21172,60310,1
21175,60313,1
21177,60315,1
21178,60316,1
21179,60317,1
21183,60319,1
21184,60320,1
21185,60321,1
21186,60322,1
21188,60324,1
21189,60325,1
21190,60326,1
21193,60329,1
21194,60330,1
21195,60331,1
21196,60332,1
21197,60333,1
21198,60334,1
21201,60337,1
21202,60338,1
21203,60339,1
21204,60340,1
21208,60342,1
21209,60343,1
21211,60345,1
21213,60347,1
21214,60348,1
21216,60350,1
21217,60351,1
21218,60352,1
21219,60353,1
21222,60356,1
21223,60357,1
21226,60360,1
21227,60361,1
21228,60362,1
21229,60363,1
21231,60365,1
21232,60366,1
21233,60367,1
21237,60369,1
21238,60370,1
21239,60371,1
21240,60372,1
21241,60373,1
21242,60374,1
21243,60375,1
21244,60376,1
21245,60377,1
21246,60378,1
21247,60379,1
21248,60380,1
21249,60381,1
21250,60382,1
21251,60383,1
21253,60385,1
21254,60386,1
21258,60390,1
21260,60392,1
21261,60393,1
21262,60394,1
21266,60396,1
21267,60397,1
21268,60398,1
21269,60399,1
21270,60400,1
21271,60401,1
21272,60402,1
21273,60403,1
21274,60404,1
21275,60405,1
21276,60406,1
21277,60407,1
21278,60408,1
21279,60409,1
21281,60411,1
21285,60415,1
21292,60420,1
21293,60421,1
21294,60422,1
21295,60423,1
21296,60424,1
21297,60425,1
21298,60426,1
21300,60428,1
21301,60429,1
21302,60430,1
21306,60432,1
21307,60433,1
21308,60434,1
21309,60435,1
21310,60436,1
21313,60439,1
21314,60440,1
21316,60442,1
21319,60443,1
21320,60444,1
21322,60446,1
21324,60448,1
21325,60449,1
21326,60450,1
21327,60451,1
21328,60452,1
21331,60455,1
21332,60456,1
21340,60464,1
21341,60465,1
21342,60466,1
21343,60467,1
21345,60469,1
21346,60470,1
21347,60471,1
21349,60473,1
21350,60474,1
21351,60475,1
21352,60476,1
21353,60477,1
21355,60479,1
21356,60480,1
21357,60481,1
21358,60482,1
21360,60484,1
21361,60485,1
21362,60486,1
21363,60487,1
21364,60488,1
21365,60489,1
21366,60490,1
21367,60491,1
21368,60492,1
21369,60493,1
21370,60494,1
21371,60495,1
21372,60496,1
21373,60497,1
21374,60498,1
21375,60499,1
21377,60501,1
21378,60502,1
21379,60503,1
21380,60504,1
21381,60505,1
21382,60506,1
21384,60508,1
21386,60510,1
21387,60511,1
21389,60513,1
21391,60515,1
21393,60517,1
21395,60519,1
21396,60520,1
21397,60521,1
21398,60522,1
21399,60523,1
21400,60524,1
21401,60525,1
21402,60526,1
21403,60527,1
21404,60528,1
21405,60529,1
21407,60531,1
21409,60533,1
21410,60534,1
21411,60535,1
21412,60536,1
21413,60537,1
21415,60539,1
21416,60540,1
21417,60541,1
21418,60542,1
21419,60543,1
21424,60548,1
21426,60550,1
21427,60551,1
21428,60552,1
21429,60553,1
21430,60554,1
21432,60556,1
21434,60558,1
21436,60560,1
21437,60561,1
21439,60563,1
21443,60567,1
21448,60572,1
21451,60575,1
21452,60576,1
21454,60578,1
21459,60583,1
21460,60584,1
21462,60586,1
21463,60587,1
21465,60589,1
21475,60599,1
21476,60600,1
21477,60601,1
21479,60603,1
21481,60605,1
21483,60607,1
21485,60609,1
21489,60613,1
21490,60614,1
21491,60615,1
21492,60616,1
21494,60618,1
21496,60620,1
21497,60621,1
21499,60623,1
21501,60625,1
21502,60626,1
21503,60627,1
21504,60628,1
21505,60629,1
21506,60630,1
21507,60631,1
21508,60632,1
21509,60633,1
21510,60634,1
21512,60636,1
21514,60638,1
21516,60640,1
21518,60642,1
21519,60643,1
21520,60644,1
21522,60646,1
21523,60647,1
21528,60650,1
21530,60652,1
21531,60653,1
21533,60655,1
21534,60656,1
21535,60657,1
21537,60659,1
21538,60660,1
21539,60661,1
21540,60662,1
21541,60663,1
21542,60664,1
21544,60666,1
21546,60668,1
21551,60673,1
21553,60675,1
21554,60676,1
21555,60677,1
21556,60678,1
21562,60684,1
21564,60686,1
21570,60692,1
21572,60694,1
21573,60695,1
21574,60696,1
21575,60697,1
21577,60699,1
21578,60700,1
21579,60701,1
21580,60702,1
21582,60704,1
21584,60706,1
21585,60707,1
21587,60709,1
21588,60710,1
21593,60715,1
21595,60717,1
21597,60719,1
21598,60720,1
21599,60721,1
21600,60722,1
21603,60725,1
21604,60726,1
21608,60730,1
21612,60734,1
21613,60735,1
21615,60737,1
21617,60739,1
21618,60740,1
21624,60746,1
21625,60747,1
21627,60749,1
21632,60754,1
21634,60756,1
21637,60759,1
21638,60760,1
21640,60762,1
21642,60764,1
21652,60774,1
21653,60775,1
21654,60776,1
21655,60777,1
21656,60778,1
21658,60780,1
21659,60781,1
21660,60782,1
21662,60784,1
21666,60788,1
21670,60792,1
21673,60795,1
21675,60797,1
21676,60798,1
21677,60799,1
21678,60800,1
21679,60801,1
21681,60803,1
21682,60804,1
21684,60806,1
21685,60807,1
21686,60808,1
21690,60812,1
21693,60815,1
21694,60816,1
21695,60817,1
21696,60818,1
21697,60819,1
21698,60820,1
21700,60822,1
21701,60823,1
21702,60824,1
21703,60825,1
21712,60834,1
21713,60835,1
21714,60836,1
21715,60837,1
21716,60838,1
21717,60839,1
21718,60840,1
21719,60841,1
21721,60843,1
21722,60844,1
21724,60846,1
21725,60847,1
21727,60849,1
21728,60850,1
21729,60851,1
21730,60852,1
21731,60853,1
21733,60855,1
21735,60857,1
21737,60859,1
21738,60860,1
21739,60861,1
21740,60862,1
21741,60863,1
21743,60865,1
21746,60868,1
21747,60869,1
21748,60870,1
21749,60871,1
21750,60872,1
21752,60874,1
21758,60880,1
21759,60881,1
21760,60882,1
21761,60883,1
21762,60884,1
21764,60886,1
21765,60887,1
21766,60888,1
21767,60889,1
21768,60890,1
21769,60891,1
21770,60892,1
21772,60894,1
21774,60896,1
21776,60898,1
21777,60899,1
21779,60901,1
21781,60903,1
21782,60904,1
21783,60905,1
21784,60906,1
21785,60907,1
21786,60908,1
21792,60914,1
21793,60915,1
21795,60917,1
21799,60921,1
21800,60922,1
21802,60924,1
21803,60925,1
21804,60926,1
21806,60928,1
21807,60929,1
21811,60931,1
21820,60940,1
21822,60942,1
21827,60947,1
21831,60951,1
21836,60956,1
21840,60960,1
21842,60962,1
21844,60964,1
21845,60965,1
21846,60966,1
21847,60967,1
21848,60968,1
21849,60969,1
21851,60971,1
21853,60973,1
21855,60975,1
21856,60976,1
21857,60977,1
21858,60978,1
21859,60979,1
21860,60980,1
21861,60981,1
21862,60982,1
21863,60983,1
21872,60992,1
21873,60993,1
21874,60994,1
21875,60995,1
21876,60996,1
21877,60997,1
21878,60998,1
21879,60999,1
21881,61001,1
21886,61006,1
21887,61007,1
21888,61008,1
21889,61009,1
21890,61010,1
21891,61011,1
21893,61013,1
21895,61015,1
21896,61016,1
21897,61017,1
21898,61018,1
21899,61019,1
21900,61020,1
21901,61021,1
21902,61022,1
21905,61025,1
21907,61027,1
21909,61029,1
21910,61030,1
21911,61031,1
21921,61041,1
21922,61042,1
21923,61043,1
21925,61045,1
21926,61046,1
21927,61047,1
21930,61050,1
21932,61052,1
21936,61056,1
21937,61057,1
21938,61058,1
21939,61059,1
21940,61060,1
21942,61062,1
21947,61067,1
21949,61069,1
21950,61070,1
21951,61071,1
21952,61072,1
21953,61073,1
21954,61074,1
21958,61078,1
21959,61079,1
21960,61080,1
21961,61081,1
21962,61082,1
21963,61083,1
21964,61084,1
21966,61086,1
21970,61090,1
21971,61091,1
21972,61092,1
21973,61093,1
21974,61094,1
21976,61096,1
21977,61097,1
21978,61098,1
21979,61099,1
21980,61100,1
21981,61101,1
21988,61106,1
21989,61107,1
21990,61108,1
21992,61110,1
21993,61111,1
21995,61113,1
21996,61114,1
21998,61116,1
22000,61118,1
22004,61122,1
22006,61124,1
22008,61126,1
22012,61128,1
22014,61130,1
22015,61131,1
22016,61132,1
22018,61134,1
22021,61137,1
22022,61138,1
22023,61139,1
22024,61140,1
22027,61143,1
22029,61145,1
22030,61146,1
22031,61147,1
22032,61148,1
22033,61149,1
22036,61152,1
22038,61154,1
22039,61155,1
22040,61156,1
22041,61157,1
22042,61158,1
22043,61159,1
22044,61160,1
22045,61161,1
22046,61162,1
22047,61163,1
22048,61164,1
22050,61166,1
22051,61167,1
22052,61168,1
22053,61169,1
22054,61170,1
22057,61173,1
22059,61175,1
22063,61179,1
22064,61180,1
22066,61182,1
22070,61184,1
22074,61188,1
22075,61189,1
22076,61190,1
22077,61191,1
22079,61193,1
22080,61194,1
22082,61196,1
22083,61197,1
22084,61198,1
22086,61200,1
22087,61201,1
22088,61202,1
22091,61205,1
22092,61206,1
22097,61209,1
22099,61211,1
22100,61212,1
22101,61213,1
22102,61214,1
22103,61215,1
22104,61216,1
22107,61219,1
22109,61221,1
22110,61222,1
22112,61224,1
22115,61227,1
22116,61228,1
22119,61231,1
22123,61233,1
22124,61234,1
22125,61235,1
22127,61237,1
22128,61238,1
22133,61243,1
22134,61244,1
22135,61245,1
22136,61246,1
22137,61247,1
22140,61250,1
22141,61251,1
22147,61257,1
22148,61258,1
22152,61262,1
22153,61263,1
22154,61264,1
22156,61266,1
22157,61267,1
22158,61268,1
22159,61269,1
22160,61270,1
22161,61271,1
22162,61272,1
22164,61274,1
22170,61280,1
22171,61281,1
22173,61283,1
22174,61284,1
22176,61286,1
22178,61288,1
22179,61289,1
22180,61290,1
22182,61292,1
22183,61293,1
22184,61294,1
22185,61295,1
22186,61296,1
22187,61297,1
22188,61298,1
22189,61299,1
22193,61303,1
22196,61306,1
22197,61307,1
22200,61310,1
22201,61311,1
22205,61315,1
22206,61316,1
22210,61318,1
22211,61319,1
22212,61320,1
22218,61326,1
22219,61327,1
22225,61331,1
22226,61332,1
22227,61333,1
22230,61336,1
22231,61337,1
22232,61338,1
22233,61339,1
22234,61340,1
22235,61341,1
22239,61345,1
22242,61346,1
22245,61347,1
22246,61348,1
22247,61349,1
22248,61350,1
22249,61351,1
22253,61355,1
22257,61357,1
22260,61360,1
22261,61361,1
22263,61363,1
22264,61364,1
22265,61365,1
22266,61366,1
22267,61367,1
22270,61370,1
22271,61371,1
22272,61372,1
22273,61373,1
22274,61374,1
22275,61375,1
22276,61376,1
22277,61377,1
22278,61378,1
22279,61379,1
22280,61380,1
22281,61381,1
22283,61383,1
22284,61384,1
22285,61385,1
22286,61386,1
22288,61388,1
22291,61389,1
22293,61391,1
22295,61393,1
22297,61395,1
22299,61397,1
22300,61398,1
22301,61399,1
22303,61401,1
22304,61402,1
22306,61404,1
22307,61405,1
22310,61408,1
22313,61411,1
22314,61412,1
22315,61413,1
22319,61417,1
22320,61418,1
22321,61419,1
22322,61420,1
22323,61421,1
22324,61422,1
22326,61424,1
22328,61426,1
22330,61428,1
22331,61429,1
22332,61430,1
22333,61431,1
22336,61434,1
22337,61435,1
22341,61439,1
22342,61440,1
22344,61442,1
22345,61443,1
22346,61444,1
22348,61446,1
22350,61448,1
22351,61449,1
22355,61453,1
22356,61454,1
22357,61455,1
22361,61459,1
22362,61460,1
22363,61461,1
22364,61462,1
22365,61463,1
22366,61464,1
22367,61465,1
22369,61467,1
22370,61468,1
22371,61469,1
22372,61470,1
22373,61471,1
22374,61472,1
22376,61474,1
22378,61476,1
22379,61477,1
22381,61479,1
22383,61481,1
22384,61482,1
22385,61483,1
22387,61485,1
22388,61486,1
22389,61487,1
22390,61488,1
22392,61490,1
22393,61491,1
22394,61492,1
22395,61493,1
22396,61494,1
22397,61495,1
22398,61496,1
22400,61498,1
22402,61500,1
22403,61501,1
22404,61502,1
22405,61503,1
22406,61504,1
22407,61505,1
22408,61506,1
22409,61507,1
22410,61508,1
22412,61510,1
22414,61512,1
22415,61513,1
22416,61514,1
22418,61516,1
22419,61517,1
22420,61518,1
22422,61520,1
22423,61521,1
22424,61522,1
22425,61523,1
22426,61524,1
22427,61525,1
22429,61527,1
22430,61528,1
22431,61529,1
22434,61532,1
22435,61533,1
22436,61534,1
22437,61535,1
22438,61536,1
22439,61537,1
22440,61538,1
22441,61539,1
22444,61542,1
22445,61543,1
22446,61544,1
22447,61545,1
22455,61553,1
22456,61554,1
22457,61555,1
22458,61556,1
22462,61560,1
22463,61561,1
22464,61562,1
22465,61563,1
22466,61564,1
22467,61565,1
22468,61566,1
22469,61567,1
22470,61568,1
22471,61569,1
22472,61570,1
22473,61571,1
22474,61572,1
22478,61574,1
22479,61575,1
22480,61576,1
22481,61577,1
22482,61578,1
22483,61579,1
22484,61580,1
22486,61582,1
22488,61584,1
22490,61586,1
22492,61588,1
22493,61589,1
22494,61590,1
22495,61591,1
22497,61593,1
22498,61594,1
22499,61595,1
22500,61596,1
22501,61597,1
22506,61600,1
22507,61601,1
22508,61602,1
22509,61603,1
22511,61605,1
22515,61607,1
22517,61609,1
22519,61611,1
22520,61612,1
22521,61613,1
22522,61614,1
22523,61615,1
22524,61616,1
22526,61618,1
22530,61622,1
22531,61623,1
22532,61624,1
22533,61625,1
22536,61626,1
22539,61627,1
22540,61628,1
22541,61629,1
22542,61630,1
22543,61631,1
22544,61632,1
22545,61633,1
22546,61634,1
22548,61636,1
22549,61637,1
22550,61638,1
22551,61639,1
22552,61640,1
22553,61641,1
22554,61642,1
22555,61643,1
22558,61646,1
22560,61648,1
22561,61649,1
22562,61650,1
22563,61651,1
22565,61653,1
22571,61659,1
22573,61661,1
22574,61662,1
22576,61664,1
22577,61665,1
22580,61668,1
22581,61669,1
22582,61670,1
22583,61671,1
22584,61672,1
22587,61675,1
22588,61676,1
22589,61677,1
22592,61680,1
22593,61681,1
22594,61682,1
22595,61683,1
22596,61684,1
22597,61685,1
22598,61686,1
22599,61687,1
22600,61688,1
22601,61689,1
22603,61691,1
22604,61692,1
22605,61693,1
22606,61694,1
22607,61695,1
22608,61696,1
22609,61697,1
22610,61698,1
22611,61699,1
22612,61700,1
22613,61701,1
22614,61702,1
22615,61703,1
22616,61704,1
22617,61705,1
22620,61708,1
22622,61710,1
22624,61712,1
22625,61713,1
22626,61714,1
22627,61715,1
22628,61716,1
22629,61717,1
22630,61718,1
22634,61720,1
22636,61722,1
22638,61724,1
22640,61726,1
22641,61727,1
22642,61728,1
22643,61729,1
22644,61730,1
22646,61732,1
22647,61733,1
22648,61734,1
22649,61735,1
22651,61737,1
22652,61738,1
22653,61739,1
22654,61740,1
22656,61742,1
22657,61743,1
22658,61744,1
22659,61745,1
22660,61746,1
22663,61749,1
22664,61750,1
22666,61752,1
22668,61754,1
22670,61756,1
22671,61757,1
22672,61758,1
22673,61759,1
22675,61761,1
22677,61763,1
22678,61764,1
22680,61766,1
22681,61767,1
22682,61768,1
22683,61769,1
22685,61771,1
22686,61772,1
22687,61773,1
22688,61774,1
22690,61776,1
22691,61777,1
22692,61778,1
22693,61779,1
22694,61780,1
22695,61781,1
22696,61782,1
22697,61783,1
22698,61784,1
22699,61785,1
22700,61786,1
22701,61787,1
22702,61788,1
22703,61789,1
22704,61790,1
22705,61791,1
22706,61792,1
22707,61793,1
22708,61794,1
22709,61795,1
22712,61798,1
22713,61799,1
22715,61801,1
22721,61807,1
22722,61808,1
22723,61809,1
22725,61811,1
22726,61812,1
22727,61813,1
22728,61814,1
22729,61815,1
22733,61817,1
22734,61818,1
22735,61819,1
22736,61820,1
22737,61821,1
22738,61822,1
22740,61824,1
22741,61825,1
22742,61826,1
22743,61827,1
22745,61829,1
22747,61831,1
22751,61833,1
22754,61836,1
22755,61837,1
22756,61838,1
22757,61839,1
22758,61840,1
22759,61841,1
22760,61842,1
22761,61843,1
22762,61844,1
22763,61845,1
22764,61846,1
22765,61847,1
22766,61848,1
22767,61849,1
22768,61850,1
22769,61851,1
22770,61852,1
22771,61853,1
22772,61854,1
22773,61855,1
22775,61857,1
22779,61861,1
22780,61862,1
22781,61863,1
22782,61864,1
22783,61865,1
22784,61866,1
22785,61867,1
22786,61868,1
22787,61869,1
22788,61870,1
22789,61871,1
22790,61872,1
22792,61874,1
22794,61876,1
22795,61877,1
22796,61878,1
22797,61879,1
22798,61880,1
22799,61881,1
22800,61882,1
22803,61885,1
22804,61886,1
22805,61887,1
22807,61889,1
22808,61890,1
22809,61891,1
22812,61894,1
22814,61896,1
22815,61897,1
22816,61898,1
22820,61900,1
22821,61901,1
22822,61902,1
22823,61903,1
22825,61905,1
22826,61906,1
22827,61907,1
22828,61908,1
22830,61910,1
22831,61911,1
22832,61912,1
22833,61913,1
22834,61914,1
22835,61915,1
22836,61916,1
22841,61921,1
22846,61926,1
22847,61927,1
22849,61929,1
22850,61930,1
22851,61931,1
22852,61932,1
22856,61936,1
22858,61938,1
22861,61941,1
22862,61942,1
22863,61943,1
22864,61944,1
22865,61945,1
22866,61946,1
22867,61947,1
22868,61948,1
22870,61950,1
22871,61951,1
22872,61952,1
22873,61953,1
22874,61954,1
22877,61957,1
22878,61958,1
22879,61959,1
22880,61960,1
22882,61962,1
22883,61963,1
22884,61964,1
22885,61965,1
22887,61967,1
22888,61968,1
22889,61969,1
22891,61971,1
22892,61972,1
22893,61973,1
22894,61974,1
22895,61975,1
22896,61976,1
22897,61977,1
22898,61978,1
22900,61980,1
22901,61981,1
22903,61983,1
22905,61985,1
22907,61987,1
22908,61988,1
22909,61989,1
22910,61990,1
22911,61991,1
22912,61992,1
22914,61994,1
22915,61995,1
22916,61996,1
22917,61997,1
22918,61998,1
22930,62010,1
22931,62011,1
22933,62013,1
22934,62014,1
22940,62020,1
22942,62022,1
22944,62024,1
22945,62025,1
22950,62030,1
22951,62031,1
22954,62034,1
22955,62035,1
22958,62038,1
22960,62040,1
22961,62041,1
22962,62042,1
22963,62043,1
22965,62045,1
22970,62047,1
22972,62049,1
22974,62051,1
22976,62053,1
22978,62055,1
22979,62056,1
22982,62059,1
22983,62060,1
22984,62061,1
22985,62062,1
22986,62063,1
22988,62065,1
22992,62067,1
22994,62069,1
22995,62070,1
22996,62071,1
22998,62073,1
23001,62076,1
23002,62077,1
23003,62078,1
23004,62079,1
23005,62080,1
23006,62081,1
23009,62082,1
23011,62084,1
23013,62086,1
23014,62087,1
23019,62092,1
23021,62094,1
23023,62096,1
23024,62097,1
23027,62100,1
23028,62101,1
23030,62103,1
23031,62104,1
23032,62105,1
23034,62107,1
23037,62110,1
23039,62112,1
23040,62113,1
23043,62116,1
23044,62117,1
23045,62118,1
23047,62120,1
23056,62129,1
23057,62130,1
23059,62132,1
23063,62136,1
23064,62137,1
23065,62138,1
23067,62140,1
23069,62142,1
23070,62143,1
23071,62144,1
23072,62145,1
23077,62150,1
23078,62151,1
23081,62154,1
23082,62155,1
23083,62156,1
23085,62158,1
23086,62159,1
23088,62161,1
23090,62163,1
23092,62165,1
23094,62167,1
23096,62169,1
23098,62171,1
23104,62177,1
23105,62178,1
23107,62180,1
23108,62181,1
23111,62184,1
23112,62185,1
23113,62186,1
23116,62189,1
23117,62190,1
23118,62191,1
23119,62192,1
23120,62193,1
23123,62196,1
23131,62204,1
23133,62206,1
23134,62207,1
23136,62209,1
23139,62212,1
23145,62218,1
23146,62219,1
23150,62223,1
23152,62225,1
23153,62226,1
23154,62227,1
23157,62230,1
23158,62231,1
23160,62233,1
23161,62234,1
23162,62235,1
23164,62237,1
23165,62238,1
23166,62239,1
23169,62242,1
23170,62243,1
23172,62245,1
23173,62246,1
23174,62247,1
23175,62248,1
23177,62250,1
23178,62251,1
23180,62253,1
23182,62255,1
23186,62259,1
23191,62264,1
23193,62266,1
23194,62267,1
23195,62268,1
23197,62270,1
23199,62272,1
23200,62273,1
23201,62274,1
23203,62276,1
23204,62277,1
23205,62278,1
23206,62279,1
23208,62281,1
23209,62282,1
23210,62283,1
23211,62284,1
23212,62285,1
23213,62286,1
23214,62287,1
23215,62288,1
23218,62291,1
23219,62292,1
23223,62296,1
23224,62297,1
23230,62303,1
23233,62306,1
23235,62308,1
23236,62309,1
23237,62310,1
23238,62311,1
23239,62312,1
23240,62313,1
23241,62314,1
23243,62316,1
23244,62317,1
23245,62318,1
23246,62319,1
23247,62320,1
23249,62322,1
23250,62323,1
23251,62324,1
23252,62325,1
23256,62327,1
23257,62328,1
23258,62329,1
23260,62331,1
23261,62332,1
23262,62333,1
23270,62341,1
23271,62342,1
23272,62343,1
23273,62344,1
23274,62345,1
23275,62346,1
23276,62347,1
23277,62348,1
23278,62349,1
23279,62350,1
23280,62351,1
23281,62352,1
23282,62353,1
23283,62354,1
23286,62355,1
23287,62356,1
23288,62357,1
23289,62358,1
23290,62359,1
23291,62360,1
23292,62361,1
23293,62362,1
23295,62364,1
23296,62365,1
23297,62366,1
23298,62367,1
23299,62368,1
23307,62376,1
23308,62377,1
23309,62378,1
23310,62379,1
23312,62381,1
23313,62382,1
23314,62383,1
23315,62384,1
23316,62385,1
23319,62388,1
23320,62389,1
23321,62390,1
23322,62391,1
23323,62392,1
23333,62402,1
23334,62403,1
23335,62404,1
23337,62406,1
23338,62407,1
23343,62412,1
23344,62413,1
23345,62414,1
23346,62415,1
23348,62417,1
23349,62418,1
23350,62419,1
23352,62421,1
23353,62422,1
23356,62425,1
23360,62429,1
23361,62430,1
23362,62431,1
23365,62434,1
23366,62435,1
23367,62436,1
23368,62437,1
23370,62439,1
23371,62440,1
23376,62443,1
23377,62444,1
23379,62446,1
23380,62447,1
23384,62449,1
23385,62450,1
23386,62451,1
23387,62452,1
23388,62453,1
23392,62457,1
23397,62462,1
23402,62467,1
23409,62472,1
23410,62473,1
23411,62474,1
23413,62476,1
23416,62479,1
23417,62480,1
23418,62481,1
23419,62482,1
23421,62484,1
23424,62487,1
23426,62489,1
23427,62490,1
23429,62492,1
23431,62494,1
23432,62495,1
23433,62496,1
23434,62497,1
23435,62498,1
23436,62499,1
23437,62500,1
23438,62501,1
23439,62502,1
23440,62503,1
23441,62504,1
23445,62508,1
23446,62509,1
23447,62510,1
23448,62511,1
23450,62513,1
23452,62515,1
23453,62516,1
23454,62517,1
23455,62518,1
23457,62520,1
23458,62521,1
23459,62522,1
23460,62523,1
23461,62524,1
23462,62525,1
23463,62526,1
23464,62527,1
23466,62529,1
23467,62530,1
23468,62531,1
23470,62533,1
23471,62534,1
23472,62535,1
23473,62536,1
23474,62537,1
23475,62538,1
23476,62539,1
23477,62540,1
23478,62541,1
23479,62542,1
23480,62543,1
23481,62544,1
23482,62545,1
23486,62549,1
23487,62550,1
23489,62552,1
23495,62556,1
23496,62557,1
23497,62558,1
23498,62559,1
23501,62562,1
23502,62563,1
23503,62564,1
23504,62565,1
23505,62566,1
23506,62567,1
23507,62568,1
23508,62569,1
23509,62570,1
23510,62571,1
23511,62572,1
23513,62574,1
23514,62575,1
23515,62576,1
23516,62577,1
23517,62578,1
23518,62579,1
23519,62580,1
23520,62581,1
23521,62582,1
23522,62583,1
23523,62584,1
23524,62585,1
23525,62586,1
23526,62587,1
23527,62588,1
23528,62589,1
23529,62590,1
23531,62592,1
23532,62593,1
23534,62595,1
23535,62596,1
23536,62597,1
23537,62598,1
23538,62599,1
23539,62600,1
23540,62601,1
23541,62602,1
23542,62603,1
23543,62604,1
23544,62605,1
23545,62606,1
23546,62607,1
23547,62608,1
23548,62609,1
23549,62610,1
23550,62611,1
23551,62612,1
23552,62613,1
23553,62614,1
23554,62615,1
23555,62616,1
23556,62617,1
23557,62618,1
23558,62619,1
23559,62620,1
23560,62621,1
23561,62622,1
23562,62623,1
23563,62624,1
23564,62625,1
23565,62626,1
23569,62630,1
23570,62631,1
23571,62632,1
23572,62633,1
23573,62634,1
23574,62635,1
23575,62636,1
23576,62637,1
23577,62638,1
23578,62639,1
23579,62640,1
23580,62641,1
23581,62642,1
23582,62643,1
23585,62646,1
23586,62647,1
23591,62652,1
23592,62653,1
23593,62654,1
23594,62655,1
23595,62656,1
23596,62657,1
23602,62663,1
23605,62666,1
23606,62667,1
23607,62668,1
23608,62669,1
23609,62670,1
23610,62671,1
23611,62672,1
23612,62673,1
23613,62674,1
23614,62675,1
23615,62676,1
23619,62680,1
23620,62681,1
23622,62683,1
23623,62684,1
23625,62686,1
23627,62688,1
23628,62689,1
23629,62690,1
23630,62691,1
23632,62693,1
23633,62694,1
23634,62695,1
23635,62696,1
23636,62697,1
23637,62698,1
23638,62699,1
23639,62700,1
23640,62701,1
23641,62702,1
23643,62704,1
23644,62705,1
23645,62706,1
23646,62707,1
23648,62709,1
23649,62710,1
23651,62712,1
23652,62713,1
23653,62714,1
23654,62715,1
23656,62717,1
23657,62718,1
23658,62719,1
23659,62720,1
23661,62722,1
23662,62723,1
23663,62724,1
23664,62725,1
23665,62726,1
23673,62732,1
23674,62733,1
23675,62734,1
23681,62740,1
23682,62741,1
23683,62742,1
23684,62743,1
23685,62744,1
23687,62746,1
23689,62748,1
23690,62749,1
23691,62750,1
23692,62751,1
23693,62752,1
23694,62753,1
23695,62754,1
23696,62755,1
23697,62756,1
23698,62757,1
23699,62758,1
23700,62759,1
23701,62760,1
23702,62761,1
23703,62762,1
23704,62763,1
23705,62764,1
23706,62765,1
23708,62767,1
23710,62769,1
23711,62770,1
23712,62771,1
23713,62772,1
23714,62773,1
23715,62774,1
23716,62775,1
23717,62776,1
23718,62777,1
23719,62778,1
23720,62779,1
23721,62780,1
23725,62784,1
23728,62787,1
23729,62788,1
23730,62789,1
23731,62790,1
23732,62791,1
23733,62792,1
23735,62794,1
23736,62795,1
23737,62796,1
23738,62797,1
23739,62798,1
23740,62799,1
23741,62800,1
23742,62801,1
23743,62802,1
23744,62803,1
23745,62804,1
23746,62805,1
23747,62806,1
23748,62807,1
23749,62808,1
23750,62809,1
23751,62810,1
23754,62811,1
23756,62813,1
23757,62814,1
23760,62817,1
23766,62823,1
23768,62825,1
23769,62826,1
23773,62830,1
23778,62835,1
23781,62838,1
23782,62839,1
23783,62840,1
23784,62841,1
23785,62842,1
23786,62843,1
23798,62855,1
23803,62860,1
23804,62861,1
23805,62862,1
23806,62863,1
23811,62866,1
23813,62868,1
23814,62869,1
23817,62872,1
23823,62878,1
23825,62880,1
23826,62881,1
23830,62885,1
23835,62890,1
23838,62893,1
23839,62894,1
23840,62895,1
23841,62896,1
23842,62897,1
23843,62898,1
23855,62910,1
23857,62912,1
23858,62913,1
23859,62914,1
23860,62915,1
23861,62916,1
23862,62917,1
23866,62919,1
23867,62920,1
23868,62921,1
23870,62923,1
23871,62924,1
23872,62925,1
23873,62926,1
23874,62927,1
23875,62928,1
23876,62929,1
23880,62931,1
23881,62932,1
23886,62937,1
23888,62939,1
23890,62941,1
23894,62945,1
23895,62946,1
23898,62949,1
23901,62952,1
23903,62954,1
23904,62955,1
23906,62957,1
23909,62960,1
23911,62962,1
23912,62963,1
23914,62965,1
23917,62968,1
23918,62969,1
23919,62970,1
23921,62972,1
23923,62974,1
23924,62975,1
23925,62976,1
23926,62977,1
23927,62978,1
23928,62979,1
23930,62981,1
23932,62983,1
23940,62991,1
23941,62992,1
23942,62993,1
23951,63002,1
23952,63003,1
23956,63007,1
23963,63014,1
23964,63015,1
23968,63019,1
23969,63020,1
23971,63022,1
23972,63023,1
23974,63025,1
23976,63027,1
23978,63029,1
23979,63030,1
23981,63032,1
23983,63034,1
23985,63036,1
23987,63038,1
23988,63039,1
23989,63040,1
23990,63041,1
23991,63042,1
23996,63047,1
23998,63049,1
23999,63050,1
24000,63051,1
24001,63052,1
24002,63053,1
24003,63054,1
24004,63055,1
24005,63056,1
24006,63057,1
24007,63058,1
24008,63059,1
24009,63060,1
24010,63061,1
24012,63063,1
24014,63065,1
24015,63066,1
24016,63067,1
24017,63068,1
24018,63069,1
24019,63070,1
24020,63071,1
24021,63072,1
24022,63073,1
24023,63074,1
24024,63075,1
24025,63076,1
24026,63077,1
24027,63078,1
24028,63079,1
24029,63080,1
24030,63081,1
24031,63082,1
24032,63083,1
24034,63085,1
24035,63086,1
24036,63087,1
24038,63089,1
24039,63090,1
24040,63091,1
24043,63094,1
24046,63095,1
24047,63096,1
24048,63097,1
24049,63098,1
24050,63099,1
24051,63100,1
24053,63102,1
24057,63104,1
24058,63105,1
24059,63106,1
24060,63107,1
24061,63108,1
24062,63109,1
24063,63110,1
24064,63111,1
24065,63112,1
24067,63114,1
24068,63115,1
24069,63116,1
24071,63118,1
24072,63119,1
24073,63120,1
24074,63121,1
24079,63126,1
24080,63127,1
24082,63129,1
24087,63134,1
24088,63135,1
24090,63137,1
24091,63138,1
24092,63139,1
24093,63140,1
24094,63141,1
24096,63143,1
24097,63144,1
24100,63145,1
24101,63146,1
24102,63147,1
24103,63148,1
24104,63149,1
24105,63150,1
24106,63151,1
24107,63152,1
24108,63153,1
24109,63154,1
24111,63156,1
24113,63158,1
24118,63161,1
24122,63163,1
24124,63165,1
24126,63167,1
24127,63168,1
24128,63169,1
24129,63170,1
24131,63172,1
24132,63173,1
24135,63176,1
24136,63177,1
24138,63179,1
24140,63181,1
24141,63182,1
24142,63183,1
24143,63184,1
24144,63185,1
24145,63186,1
24147,63188,1
24148,63189,1
24150,63191,1
24151,63192,1
24152,63193,1
24153,63194,1
24154,63195,1
24155,63196,1
24156,63197,1
24159,63200,1
24162,63203,1
24164,63205,1
24165,63206,1
24166,63207,1
24167,63208,1
24168,63209,1
24169,63210,1
24170,63211,1
24171,63212,1
24172,63213,1
24174,63215,1
24178,63217,1
24180,63219,1
24182,63221,1
24184,63223,1
24185,63224,1
24186,63225,1
24187,63226,1
24188,63227,1
24189,63228,1
24190,63229,1
24191,63230,1
24192,63231,1
24193,63232,1
24194,63233,1
24195,63234,1
24196,63235,1
24197,63236,1
24198,63237,1
24199,63238,1
24200,63239,1
24201,63240,1
24202,63241,1
24203,63242,1
24204,63243,1
24205,63244,1
24206,63245,1
24207,63246,1
24208,63247,1
24209,63248,1
24210,63249,1
24212,63251,1
24214,63253,1
24216,63255,1
24217,63256,1
24219,63258,1
24220,63259,1
24221,63260,1
24223,63262,1
24224,63263,1
24225,63264,1
24227,63266,1
24229,63268,1
24230,63269,1
24231,63270,1
24233,63272,1
24234,63273,1
24236,63275,1
24237,63276,1
24239,63278,1
24240,63279,1
24242,63281,1
24244,63283,1
24245,63284,1
24246,63285,1
24247,63286,1
24249,63288,1
24250,63289,1
24251,63290,1
24252,63291,1
24253,63292,1
24254,63293,1
24256,63295,1
24257,63296,1
24258,63297,1
24259,63298,1
24261,63300,1
24262,63301,1
24263,63302,1
24264,63303,1
24265,63304,1
24266,63305,1
24267,63306,1
24268,63307,1
24269,63308,1
24272,63311,1
24274,63313,1
24277,63316,1
24278,63317,1
24279,63318,1
24280,63319,1
24281,63320,1
24283,63322,1
24284,63323,1
24286,63325,1
24289,63328,1
24293,63332,1
24295,63334,1
24296,63335,1
24297,63336,1
24298,63337,1
24299,63338,1
24300,63339,1
24301,63340,1
24302,63341,1
24303,63342,1
24304,63343,1
24305,63344,1
24307,63346,1
24309,63348,1
24311,63350,1
24313,63352,1
24318,63355,1
24319,63356,1
24320,63357,1
24321,63358,1
24322,63359,1
24323,63360,1
24324,63361,1
24325,63362,1
24326,63363,1
24327,63364,1
24328,63365,1
24329,63366,1
24330,63367,1
24331,63368,1
24332,63369,1
24333,63370,1
24334,63371,1
24335,63372,1
24336,63373,1
24337,63374,1
24339,63376,1
24340,63377,1
24341,63378,1
24342,63379,1
24343,63380,1
24345,63382,1
24349,63386,1
24351,63388,1
24353,63390,1
24356,63393,1
24358,63395,1
24359,63396,1
24361,63398,1
24367,63404,1
24368,63405,1
24369,63406,1
24370,63407,1
24371,63408,1
24372,63409,1
24374,63411,1
24375,63412,1
24376,63413,1
24377,63414,1
24378,63415,1
24380,63417,1
24381,63418,1
24383,63420,1
24384,63421,1
24385,63422,1
24386,63423,1
24388,63425,1
24389,63426,1
24391,63428,1
24395,63432,1
24396,63433,1
24398,63435,1
24403,63440,1
24407,63442,1
24409,63444,1
24411,63446,1
24413,63448,1
24414,63449,1
24415,63450,1
24416,63451,1
24417,63452,1
24418,63453,1
24419,63454,1
24420,63455,1
24425,63460,1
24426,63461,1
24427,63462,1
24428,63463,1
24429,63464,1
24431,63466,1
24434,63467,1
24435,63468,1
24438,63471,1
24439,63472,1
24443,63474,1
24444,63475,1
24445,63476,1
24446,63477,1
24448,63479,1
24449,63480,1
24451,63482,1
24453,63484,1
24454,63485,1
24456,63487,1
24457,63488,1
24458,63489,1
24460,63491,1
24461,63492,1
24462,63493,1
24463,63494,1
24465,63496,1
24466,63497,1
24467,63498,1
24468,63499,1
24469,63500,1
24470,63501,1
24471,63502,1
24472,63503,1
24473,63504,1
24474,63505,1
24476,63507,1
24484,63515,1
24486,63517,1
24491,63522,1
24493,63524,1
24495,63526,1
24496,63527,1
24498,63529,1
24499,63530,1
24501,63532,1
24503,63534,1
24505,63536,1
24506,63537,1
24509,63540,1
24517,63548,1
24518,63549,1
24520,63551,1
24523,63554,1
24527,63556,1
24528,63557,1
24529,63558,1
24530,63559,1
24531,63560,1
24532,63561,1
24533,63562,1
24534,63563,1
24535,63564,1
24536,63565,1
24537,63566,1
24538,63567,1
24540,63569,1
24542,63571,1
24544,63573,1
24545,63574,1
24546,63575,1
24550,63579,1
24551,63580,1
24552,63581,1
24553,63582,1
24555,63584,1
24556,63585,1
24560,63589,1
24562,63591,1
24563,63592,1
24565,63594,1
24568,63597,1
24571,63600,1
24573,63602,1
24574,63603,1
24575,63604,1
24578,63607,1
24579,63608,1
24583,63612,1
24584,63613,1
24585,63614,1
24586,63615,1
24587,63616,1
24588,63617,1
24591,63620,1
24592,63621,1
24593,63622,1
24594,63623,1
24595,63624,1
24596,63625,1
24597,63626,1
24598,63627,1
24600,63629,1
24604,63631,1
24606,63633,1
24607,63634,1
24608,63635,1
24612,63639,1
24613,63640,1
24615,63642,1
24616,63643,1
24617,63644,1
24618,63645,1
24619,63646,1
24621,63648,1
24623,63650,1
24625,63652,1
24630,63657,1
24632,63659,1
24633,63660,1
24634,63661,1
24639,63666,1
24640,63667,1
24641,63668,1
24642,63669,1
24643,63670,1
24644,63671,1
24648,63675,1
24651,63678,1
24652,63679,1
24653,63680,1
24654,63681,1
24656,63683,1
24657,63684,1
24658,63685,1
24659,63686,1
24660,63687,1
24661,63688,1
24664,63691,1
24667,63694,1
24673,63700,1
24674,63701,1
24675,63702,1
24677,63704,1
24680,63707,1
24681,63708,1
24683,63710,1
24685,63712,1
24686,63713,1
24688,63715,1
24689,63716,1
24690,63717,1
24691,63718,1
24692,63719,1
24693,63720,1
24694,63721,1
24695,63722,1
24696,63723,1
24697,63724,1
24701,63726,1
24702,63727,1
24703,63728,1
24704,63729,1
24705,63730,1
24707,63732,1
24708,63733,1
24709,63734,1
24710,63735,1
24711,63736,1
24714,63739,1
24715,63740,1
24717,63742,1
24719,63744,1
24721,63746,1
24723,63748,1
24724,63749,1
24725,63750,1
24726,63751,1
24727,63752,1
24728,63753,1
24730,63755,1
24731,63756,1
24732,63757,1
24734,63759,1
24735,63760,1
24738,63763,1
24739,63764,1
24741,63766,1
24742,63767,1
24743,63768,1
24744,63769,1
24745,63770,1
24746,63771,1
24747,63772,1
24748,63773,1
24749,63774,1
24750,63775,1
24751,63776,1
24756,63781,1
24757,63782,1
24758,63783,1
24759,63784,1
24760,63785,1
24761,63786,1
24762,63787,1
24766,63789,1
24767,63790,1
24768,63791,1
24769,63792,1
24771,63794,1
24772,63795,1
24773,63796,1
24774,63797,1
24775,63798,1
24776,63799,1
24777,63800,1
24778,63801,1
24779,63802,1
24780,63803,1
24784,63807,1
24785,63808,1
24787,63810,1
24789,63812,1
24790,63813,1
24791,63814,1
24792,63815,1
24793,63816,1
24794,63817,1
24795,63818,1
24799,63820,1
24800,63821,1
24801,63822,1
24802,63823,1
24803,63824,1
24804,63825,1
24808,63829,1
24810,63831,1
24811,63832,1
24813,63834,1
24814,63835,1
24815,63836,1
24816,63837,1
24817,63838,1
24819,63840,1
24820,63841,1
24824,63843,1
24825,63844,1
24826,63845,1
24828,63847,1
24830,63849,1
24831,63850,1
24832,63851,1
24833,63852,1
24834,63853,1
24838,63857,1
24843,63860,1
24844,63861,1
24845,63862,1
24847,63864,1
24850,63867,1
24852,63869,1
24853,63870,1
24855,63872,1
24856,63873,1
24857,63874,1
24858,63875,1
24859,63876,1
24863,63880,1
24864,63881,1
24865,63882,1
24866,63883,1
24867,63884,1
24868,63885,1
24869,63886,1
24870,63887,1
24871,63888,1
24872,63889,1
24873,63890,1
24878,63895,1
24879,63896,1
24880,63897,1
24881,63898,1
24882,63899,1
24883,63900,1
24884,63901,1
24885,63902,1
24886,63903,1
24887,63904,1
24888,63905,1
24889,63906,1
24890,63907,1
24891,63908,1
24892,63909,1
24894,63911,1
24896,63913,1
24897,63914,1
24898,63915,1
24900,63917,1
24901,63918,1
24902,63919,1
24903,63920,1
24905,63922,1
24906,63923,1
24909,63926,1
24915,63930,1
24917,63932,1
24918,63933,1
24919,63934,1
24920,63935,1
24922,63937,1
24928,63943,1
24930,63945,1
24933,63948,1
24934,63949,1
24935,63950,1
24936,63951,1
24938,63953,1
24941,63956,1
24942,63957,1
24943,63958,1
24944,63959,1
24948,63961,1
24950,63963,1
24951,63964,1
24952,63965,1
24953,63966,1
24954,63967,1
24955,63968,1
24956,63969,1
24957,63970,1
24958,63971,1
24959,63972,1
24968,63981,1
24969,63982,1
24970,63983,1
24974,63987,1
24975,63988,1
24976,63989,1
24977,63990,1
24981,63994,1
24983,63996,1
24985,63998,1
24986,63999,1
24987,64000,1
24988,64001,1
24989,64002,1
24990,64003,1
24991,64004,1
24995,64008,1
24996,64009,1
24998,64011,1
24999,64012,1
25000,64013,1
25002,64015,1
25004,64017,1
25005,64018,1
25006,64019,1
25008,64021,1
25009,64022,1
25010,64023,1
25011,64024,1
25013,64026,1
25015,64028,1
25016,64029,1
25021,64034,1
25027,64040,1
25029,64042,1
25035,64048,1
25036,64049,1
25037,64050,1
25038,64051,1
25039,64052,1
25042,64055,1
25046,64057,1
25048,64059,1
25050,64061,1
25052,64063,1
25053,64064,1
25056,64067,1
25057,64068,1
25058,64069,1
25059,64070,1
25060,64071,1
25062,64073,1
25063,64074,1
25064,64075,1
25065,64076,1
25066,64077,1
25072,64083,1
25074,64085,1
25076,64087,1
25078,64089,1
25080,64091,1
25081,64092,1
25082,64093,1
25083,64094,1
25084,64095,1
25085,64096,1
25086,64097,1
25087,64098,1
25088,64099,1
25089,64100,1
25090,64101,1
25094,64103,1
25096,64105,1
25097,64106,1
25098,64107,1
25101,64110,1
25102,64111,1
25103,64112,1
25105,64114,1
25106,64115,1
25107,64116,1
25109,64118,1
25110,64119,1
25113,64122,1
25114,64123,1
25115,64124,1
25118,64125,1
25119,64126,1
25120,64127,1
25121,64128,1
25122,64129,1
25124,64131,1
25129,64136,1
25131,64138,1
25132,64139,1
25135,64142,1
25136,64143,1
25137,64144,1
25138,64145,1
25139,64146,1
25140,64147,1
25141,64148,1
25142,64149,1
25143,64150,1
25145,64152,1
25147,64154,1
25148,64155,1
25150,64157,1
25151,64158,1
25152,64159,1
25153,64160,1
25154,64161,1
25155,64162,1
25156,64163,1
25159,64166,1
25161,64168,1
25163,64170,1
25164,64171,1
25165,64172,1
25166,64173,1
25168,64175,1
25170,64177,1
25172,64179,1
25173,64180,1
25174,64181,1
25175,64182,1
25177,64184,1
25178,64185,1
25179,64186,1
25180,64187,1
25182,64189,1
25183,64190,1
25184,64191,1
25185,64192,1
25186,64193,1
25187,64194,1
25188,64195,1
25189,64196,1
25190,64197,1
25191,64198,1
25192,64199,1
25198,64203,1
25199,64204,1
25202,64207,1
25204,64209,1
25209,64214,1
25210,64215,1
25211,64216,1
25212,64217,1
25213,64218,1
25214,64219,1
25215,64220,1
25216,64221,1
25217,64222,1
25218,64223,1
25219,64224,1
25220,64225,1
25221,64226,1
25222,64227,1
25228,64231,1
25229,64232,1
25230,64233,1
25231,64234,1
25232,64235,1
25233,64236,1
25234,64237,1
25235,64238,1
25236,64239,1
25237,64240,1
25238,64241,1
25239,64242,1
25240,64243,1
25241,64244,1
25242,64245,1
25246,64247,1
25248,64249,1
25250,64251,1
25251,64252,1
25252,64253,1
25253,64254,1
25254,64255,1
25255,64256,1
25256,64257,1
25257,64258,1
25259,64260,1
25260,64261,1
25262,64263,1
25264,64265,1
25265,64266,1
25267,64268,1
25268,64269,1
25269,64270,1
25270,64271,1
25273,64274,1
25275,64276,1
25277,64278,1
25278,64279,1
25281,64282,1
25283,64284,1
25284,64285,1
25285,64286,1
25290,64288,1
25292,64290,1
25294,64292,1
25295,64293,1
25296,64294,1
25297,64295,1
25298,64296,1
25299,64297,1
25300,64298,1
25302,64300,1
25304,64302,1
25305,64303,1
25306,64304,1
25307,64305,1
25308,64306,1
25310,64308,1
25311,64309,1
25313,64311,1
25314,64312,1
25315,64313,1
25316,64314,1
25318,64316,1
25319,64317,1
25320,64318,1
25321,64319,1
25322,64320,1
25326,64324,1
25327,64325,1
25329,64327,1
25331,64329,1
25332,64330,1
25333,64331,1
25334,64332,1
25336,64334,1
25338,64336,1
25339,64337,1
25341,64339,1
25342,64340,1
25343,64341,1
25344,64342,1
25345,64343,1
25346,64344,1
25347,64345,1
25348,64346,1
25349,64347,1
25350,64348,1
25352,64350,1
25354,64352,1
25355,64353,1
25356,64354,1
25358,64356,1
25360,64358,1
25361,64359,1
25363,64361,1
25364,64362,1
25365,64363,1
25367,64365,1
25372,64370,1
25373,64371,1
25380,64378,1
25381,64379,1
25382,64380,1
25383,64381,1
25385,64383,1
25387,64385,1
25388,64386,1
25390,64388,1
25391,64389,1
25392,64390,1
25393,64391,1
25394,64392,1
25396,64394,1
25398,64396,1
25401,64399,1
25403,64401,1
25404,64402,1
25405,64403,1
25406,64404,1
25407,64405,1
25408,64406,1
25409,64407,1
25410,64408,1
25412,64410,1
25413,64411,1
25414,64412,1
25415,64413,1
25416,64414,1
25417,64415,1
25420,64418,1
25423,64421,1
25425,64423,1
25429,64427,1
25430,64428,1
25432,64430,1
25433,64431,1
25435,64433,1
25436,64434,1
25438,64436,1
25439,64437,1
25440,64438,1
25442,64440,1
25444,64442,1
25449,64445,1
25450,64446,1
25452,64448,1
25454,64450,1
25458,64452,1
25460,64454,1
25466,64460,1
25467,64461,1
25468,64462,1
25469,64463,1
25470,64464,1
25471,64465,1
25472,64466,1
25473,64467,1
25474,64468,1
25475,64469,1
25476,64470,1
25477,64471,1
25478,64472,1
25479,64473,1
25480,64474,1
25481,64475,1
25482,64476,1
25483,64477,1
25486,64480,1
25488,64482,1
25492,64486,1
25493,64487,1
25494,64488,1
25495,64489,1
25496,64490,1
25497,64491,1
25498,64492,1
25499,64493,1
25500,64494,1
25505,64499,1
25506,64500,1
25508,64502,1
25512,64506,1
25514,64508,1
25515,64509,1
25517,64511,1
25519,64513,1
25523,64517,1
25524,64518,1
25525,64519,1
25526,64520,1
25527,64521,1
25528,64522,1
25529,64523,1
25530,64524,1
25531,64525,1
25532,64526,1
25533,64527,1
25534,64528,1
25535,64529,1
25537,64531,1
25544,64538,1
25550,64544,1
25551,64545,1
25552,64546,1
25553,64547,1
25554,64548,1
25555,64549,1
25556,64550,1
25557,64551,1
25558,64552,1
25559,64553,1
25565,64559,1
25566,64560,1
25568,64562,1
25569,64563,1
25570,64564,1
25572,64566,1
25573,64567,1
25574,64568,1
25575,64569,1
25576,64570,1
25577,64571,1
25578,64572,1
25579,64573,1
25580,64574,1
25582,64576,1
25584,64578,1
25585,64579,1
25587,64581,1
25589,64583,1
25590,64584,1
25592,64586,1
25593,64587,1
25594,64588,1
25596,64590,1
25597,64591,1
25598,64592,1
25599,64593,1
25600,64594,1
25602,64596,1
25603,64597,1
25607,64601,1
25609,64603,1
25610,64604,1
25612,64606,1
25618,64612,1
25619,64613,1
25620,64614,1
25621,64615,1
25622,64616,1
25623,64617,1
25625,64619,1
25626,64620,1
25627,64621,1
25628,64622,1
25631,64625,1
25632,64626,1
25633,64627,1
25634,64628,1
25636,64630,1
25638,64632,1
25639,64633,1
25640,64634,1
25643,64637,1
25644,64638,1
25646,64640,1
25647,64641,1
25648,64642,1
25651,64645,1
25652,64646,1
25653,64647,1
25654,64648,1
25655,64649,1
25657,64651,1
25658,64652,1
25659,64653,1
25662,64656,1
25664,64658,1
25667,64661,1
25669,64663,1
25670,64664,1
25671,64665,1
25672,64666,1
25673,64667,1
25674,64668,1
25675,64669,1
25676,64670,1
25677,64671,1
25679,64673,1
25681,64675,1
25690,64684,1
25691,64685,1
25692,64686,1
25693,64687,1
25694,64688,1
25695,64689,1
25696,64690,1
25697,64691,1
25698,64692,1
25699,64693,1
25700,64694,1
25701,64695,1
25702,64696,1
25703,64697,1
25704,64698,1
25705,64699,1
25706,64700,1
25708,64702,1
25709,64703,1
25710,64704,1
25711,64705,1
25714,64708,1
25717,64711,1
25721,64715,1
25722,64716,1
25727,64721,1
25728,64722,1
25729,64723,1
25731,64725,1
25737,64731,1
25741,64735,1
25746,64740,1
25747,64741,1
25748,64742,1
25749,64743,1
25750,64744,1
25751,64745,1
25753,64747,1
25754,64748,1
25755,64749,1
25756,64750,1
25760,64754,1
25762,64756,1
25766,64760,1
25769,64763,1
25770,64764,1
25772,64766,1
25777,64771,1
25779,64773,1
25784,64778,1
25786,64780,1
25787,64781,1
25788,64782,1
25789,64783,1
25790,64784,1
25791,64785,1
25792,64786,1
25793,64787,1
25794,64788,1
25795,64789,1
25796,64790,1
25797,64791,1
25798,64792,1
25799,64793,1
25800,64794,1
25801,64795,1
25802,64796,1
25803,64797,1
25804,64798,1
25807,64801,1
25808,64802,1
25809,64803,1
25810,64804,1
25811,64805,1
25815,64807,1
25817,64809,1
25818,64810,1
25819,64811,1
25820,64812,1
25821,64813,1
25822,64814,1
25824,64816,1
25825,64817,1
25826,64818,1
25828,64820,1
25829,64821,1
25830,64822,1
25831,64823,1
25833,64825,1
25835,64827,1
25836,64828,1
25837,64829,1
25838,64830,1
25842,64834,1
25843,64835,1
25844,64836,1
25848,64840,1
25849,64841,1
25851,64843,1
25852,64844,1
25854,64846,1
25855,64847,1
25856,64848,1
25859,64851,1
25861,64853,1
25866,64858,1
25867,64859,1
25868,64860,1
25869,64861,1
25870,64862,1
25871,64863,1
25872,64864,1
25874,64866,1
25877,64869,1
25879,64871,1
25881,64873,1
25882,64874,1
25886,64878,1
25887,64879,1
25888,64880,1
25889,64881,1
25890,64882,1
25891,64883,1
25892,64884,1
25893,64885,1
25894,64886,1
25896,64888,1
25898,64890,1
25899,64891,1
25900,64892,1
25901,64893,1
25902,64894,1
25903,64895,1
25904,64896,1
25905,64897,1
25906,64898,1
25907,64899,1
25908,64900,1
25909,64901,1
25910,64902,1
25911,64903,1
25912,64904,1
25913,64905,1
25914,64906,1
25916,64908,1
25918,64910,1
25919,64911,1
25920,64912,1
25922,64914,1
25923,64915,1
25926,64916,1
25928,64918,1
25933,64923,1
25934,64924,1
25935,64925,1
25936,64926,1
25937,64927,1
25938,64928,1
25942,64930,1
25943,64931,1
25945,64933,1
25947,64935,1
25949,64937,1
25950,64938,1
25951,64939,1
25953,64941,1
25954,64942,1
25955,64943,1
25956,64944,1
25957,64945,1
25958,64946,1
25959,64947,1
25960,64948,1
25961,64949,1
25963,64951,1
25964,64952,1
25967,64955,1
25968,64956,1
25970,64958,1
25971,64959,1
25972,64960,1
25973,64961,1
25976,64964,1
25977,64965,1
25978,64966,1
25979,64967,1
25981,64969,1
25982,64970,1
25985,64973,1
25986,64974,1
25987,64975,1
25988,64976,1
25989,64977,1
25990,64978,1
25998,64986,1
26002,64988,1
26005,64991,1
26006,64992,1
26007,64993,1
26008,64994,1
26009,64995,1
26011,64997,1
26012,64998,1
26014,65000,1
26016,65002,1
26017,65003,1
26018,65004,1
26019,65005,1
26021,65007,1
26022,65008,1
26029,65015,1
26030,65016,1
26032,65018,1
26033,65019,1
26034,65020,1
26035,65021,1
26037,65023,1
26038,65024,1
26043,65029,1
26045,65031,1
26053,65039,1
26056,65042,1
26060,65046,1
26063,65049,1
26064,65050,1
26068,65054,1
26070,65056,1
26071,65057,1
26072,65058,1
26073,65059,1
26074,65060,1
26075,65061,1
26076,65062,1
26077,65063,1
26078,65064,1
26080,65066,1
26081,65067,1
26083,65068,1
26087,65070,1
26088,65071,1
26089,65072,1
26090,65073,1
26091,65074,1
26092,65075,1
26094,65077,1
26095,65078,1
26096,65079,1
26099,65082,1
26101,65084,1
26102,65085,1
26103,65086,1
26107,65090,1
26109,65092,1
26110,65093,1
26111,65094,1
26112,65095,1
26113,65096,1
26114,65097,1
26116,65099,1
26118,65101,1
26119,65102,1
26121,65104,1
26122,65105,1
26123,65106,1
26125,65108,1
26127,65110,1
26128,65111,1
26132,65115,1
26134,65117,1
26136,65119,1
26138,65121,1
26139,65122,1
26141,65124,1
26142,65125,1
26143,65126,1
26144,65127,1
26145,65128,1
26146,65129,1
26147,65130,1
26148,65131,1
26150,65133,1
26151,65134,1
26152,65135,1
26153,65136,1
26154,65137,1
26155,65138,1
26157,65140,1
26158,65141,1
26159,65142,1
26161,65144,1
26162,65145,1
26163,65146,1
26164,65147,1
26165,65148,1
26166,65149,1
26172,65155,1
26173,65156,1
26175,65158,1
26176,65159,1
26182,65165,1
26183,65166,1
26185,65168,1
26186,65169,1
26188,65171,1
26190,65173,1
26198,65181,1
26199,65182,1
26201,65184,1
26202,65185,1
26206,65187,1
26207,65188,1
26208,65189,1
26209,65190,1
26210,65191,1
26213,65194,1
26214,65195,1
26219,65200,1
26220,65201,1
26222,65203,1
26227,65208,1
26230,65211,1
26232,65213,1
26233,65214,1
26235,65216,1
26237,65218,1
26238,65219,1
26240,65221,1
26242,65223,1
26243,65224,1
26244,65225,1
26245,65226,1
26246,65227,1
26249,65230,1
26252,65232,1
26253,65233,1
26254,65234,1
26256,65236,1
26258,65238,1
26259,65239,1
26261,65241,1
26263,65243,1
26265,65245,1
26267,65247,1
26268,65248,1
26269,65249,1
26271,65251,1
26272,65252,1
26273,65253,1
26274,65254,1
26275,65255,1
26276,65256,1
26277,65257,1
26278,65258,1
26280,65260,1
26281,65261,1
26282,65262,1
26283,65263,1
26284,65264,1
26285,65265,1
26286,65266,1
26287,65267,1
26288,65268,1
26289,65269,1
26290,65270,1
26291,65271,1
26292,65272,1
26294,65274,1
26295,65275,1
26296,65276,1
26297,65277,1
26299,65279,1
26300,65280,1
26301,65281,1
26302,65282,1
26303,65283,1
26304,65284,1
26305,65285,1
26306,65286,1
26307,65287,1
26308,65288,1
26309,65289,1
26310,65290,1
26311,65291,1
26312,65292,1
26313,65293,1
26314,65294,1
26316,65296,1
26317,65297,1
26318,65298,1
26319,65299,1
26321,65301,1
26323,65303,1
26327,65307,1
26328,65308,1
26329,65309,1
26330,65310,1
26331,65311,1
26332,65312,1
26333,65313,1
26335,65315,1
26336,65316,1
26337,65317,1
26339,65319,1
26340,65320,1
26341,65321,1
26345,65323,1
26346,65324,1
26347,65325,1
26348,65326,1
26349,65327,1
26350,65328,1
26351,65329,1
26352,65330,1
26353,65331,1
26354,65332,1
26355,65333,1
26356,65334,1
26357,65335,1
26358,65336,1
26359,65337,1
26360,65338,1
26363,65341,1
26364,65342,1
26365,65343,1
26369,65345,1
26370,65346,1
26373,65349,1
26375,65351,1
26376,65352,1
26377,65353,1
26378,65354,1
26379,65355,1
26381,65357,1
26382,65358,1
26383,65359,1
26384,65360,1
26385,65361,1
26387,65363,1
26388,65364,1
26389,65365,1
26394,65370,1
26395,65371,1
26396,65372,1
26397,65373,1
26399,65375,1
26401,65377,1
26402,65378,1
26404,65380,1
26405,65381,1
26407,65383,1
26409,65385,1
26410,65386,1
26412,65388,1
26414,65390,1
26415,65391,1
26417,65393,1
26418,65394,1
26419,65395,1
26420,65396,1
26422,65398,1
26423,65399,1
26424,65400,1
26425,65401,1
26428,65404,1
26432,65408,1
26433,65409,1
26434,65410,1
26435,65411,1
26437,65413,1
26439,65415,1
26440,65416,1
26446,65420,1
26447,65421,1
26448,65422,1
26450,65424,1
26451,65425,1
26453,65427,1
26454,65428,1
26455,65429,1
26456,65430,1
26457,65431,1
26458,65432,1
26459,65433,1
26460,65434,1
26462,65436,1
26463,65437,1
26464,65438,1
26465,65439,1
26468,65442,1
26469,65443,1
26470,65444,1
26475,65449,1
26477,65451,1
26479,65453,1
26480,65454,1
26481,65455,1
26482,65456,1
26484,65458,1
26486,65460,1
26490,65464,1
26491,65465,1
26492,65466,1
26493,65467,1
26494,65468,1
26495,65469,1
26496,65470,1
26498,65472,1
26500,65474,1
26504,65478,1
26505,65479,1
26506,65480,1
26507,65481,1
26508,65482,1
26509,65483,1
26510,65484,1
26511,65485,1
26512,65486,1
26513,65487,1
26514,65488,1
26515,65489,1
26516,65490,1
26517,65491,1
26518,65492,1
26519,65493,1
26521,65495,1
26524,65498,1
26526,65500,1
26527,65501,1
26528,65502,1
26529,65503,1
26530,65504,1
26531,65505,1
26534,65508,1
26535,65509,1
26536,65510,1
26537,65511,1
26538,65512,1
26541,65515,1
26543,65517,1
26544,65518,1
26545,65519,1
26546,65520,1
26548,65522,1
26549,65523,1
26551,65525,1
26553,65527,1
26554,65528,1
26555,65529,1
26556,65530,1
26557,65531,1
26558,65532,1
26560,65534,1
26564,65538,1
26565,65539,1
26567,65541,1
26568,65542,1
26569,65543,1
26570,65544,1
26573,65547,1
26575,65549,1
26576,65550,1
26577,65551,1
26578,65552,1
26579,65553,1
26580,65554,1
26581,65555,1
26583,65557,1
26585,65559,1
26588,65562,1
26590,65564,1
26592,65566,1
26593,65567,1
26594,65568,1
26595,65569,1
26596,65570,1
26597,65571,1
26598,65572,1
26599,65573,1
26604,65578,1
26605,65579,1
26609,65583,1
26610,65584,1
26612,65586,1
26613,65587,1
26614,65588,1
26619,65591,1
26620,65592,1
26621,65593,1
26623,65595,1
26625,65597,1
26627,65599,1
26628,65600,1
26630,65602,1
26634,65606,1
26635,65607,1
26636,65608,1
26637,65609,1
26640,65612,1
26641,65613,1
26642,65614,1
26643,65615,1
26644,65616,1
26645,65617,1
26646,65618,1
26647,65619,1
26648,65620,1
26649,65621,1
26650,65622,1
26651,65623,1
26655,65627,1
26657,65629,1
26660,65632,1
26663,65635,1
26664,65636,1
26665,65637,1
26666,65638,1
26667,65639,1
26668,65640,1
26669,65641,1
26670,65642,1
26671,65643,1
26672,65644,1
26673,65645,1
26674,65646,1
26676,65648,1
26677,65649,1
26678,65650,1
26679,65651,1
26680,65652,1
26681,65653,1
26682,65654,1
26683,65655,1
26684,65656,1
26685,65657,1
26686,65658,1
26687,65659,1
26690,65662,1
26692,65664,1
26694,65666,1
26695,65667,1
26699,65671,1
26700,65672,1
26701,65673,1
26702,65674,1
26703,65675,1
26704,65676,1
26705,65677,1
26706,65678,1
26707,65679,1
26709,65681,1
26711,65683,1
26712,65684,1
26714,65686,1
26718,65690,1
26719,65691,1
26720,65692,1
26721,65693,1
26722,65694,1
26723,65695,1
26724,65696,1
26725,65697,1
26728,65700,1
26729,65701,1
26730,65702,1
26731,65703,1
26732,65704,1
26733,65705,1
26734,65706,1
26735,65707,1
26736,65708,1
26737,65709,1
26738,65710,1
26739,65711,1
26740,65712,1
26741,65713,1
26742,65714,1
26743,65715,1
26744,65716,1
26745,65717,1
26747,65719,1
26751,65723,1
26752,65724,1
26753,65725,1
26755,65727,1
26757,65729,1
26758,65730,1
26759,65731,1
26762,65734,1
26763,65735,1
26764,65736,1
26765,65737,1
26766,65738,1
26767,65739,1
26772,65744,1
26776,65748,1
26783,65755,1
26786,65758,1
26788,65760,1
26789,65761,1
26794,65766,1
26795,65767,1
26796,65768,1
26798,65770,1
26799,65771,1
26800,65772,1
26801,65773,1
26803,65775,1
26805,65777,1
26806,65778,1
26808,65780,1
26809,65781,1
26810,65782,1
26812,65784,1
26813,65785,1
26814,65786,1
26815,65787,1
26816,65788,1
26817,65789,1
26818,65790,1
26822,65794,1
26823,65795,1
26824,65796,1
26826,65798,1
26827,65799,1
26828,65800,1
26830,65802,1
26832,65804,1
26834,65806,1
26837,65809,1
26844,65814,1
26845,65815,1
26848,65818,1
26849,65819,1
26850,65820,1
26853,65823,1
26854,65824,1
26855,65825,1
26856,65826,1
26857,65827,1
26858,65828,1
26859,65829,1
26860,65830,1
26861,65831,1
26862,65832,1
26863,65833,1
26864,65834,1
26865,65835,1
26866,65836,1
26871,65841,1
26873,65843,1
26874,65844,1
26875,65845,1
26876,65846,1
26877,65847,1
26879,65849,1
26881,65851,1
26885,65855,1
26886,65856,1
26887,65857,1
26888,65858,1
26889,65859,1
26890,65860,1
26891,65861,1
26893,65863,1
26894,65864,1
26895,65865,1
26896,65866,1
26897,65867,1
26901,65869,1
26903,65871,1
26905,65873,1
26906,65874,1
26907,65875,1
26908,65876,1
26909,65877,1
26911,65879,1
26916,65884,1
26918,65886,1
26919,65887,1
26921,65889,1
26923,65891,1
26925,65893,1
26926,65894,1
26927,65895,1
26929,65897,1
26930,65898,1
26931,65899,1
26932,65900,1
26933,65901,1
26935,65903,1
26936,65904,1
26937,65905,1
26938,65906,1
26939,65907,1
26940,65908,1
26941,65909,1
26942,65910,1
26943,65911,1
26944,65912,1
26945,65913,1
26946,65914,1
26947,65915,1
26948,65916,1
26949,65917,1
26951,65919,1
26953,65921,1
26956,65924,1
26958,65926,1
26960,65928,1
26962,65930,1
26966,65934,1
26967,65935,1
26972,65940,1
26973,65941,1
26979,65947,1
26980,65948,1
26981,65949,1
26983,65951,1
26989,65957,1
26990,65958,1
26991,65959,1
26992,65960,1
26993,65961,1
26999,65967,1
27000,65968,1
27001,65969,1
27003,65971,1
27004,65972,1
27005,65973,1
27006,65974,1
27007,65975,1
27008,65976,1
27009,65977,1
27011,65979,1
27012,65980,1
27013,65981,1
27014,65982,1
27015,65983,1
27017,65985,1
27018,65986,1
27019,65987,1
27020,65988,1
27022,65990,1
27024,65992,1
27026,65994,1
27027,65995,1
27029,65997,1
27030,65998,1
27031,65999,1
27032,66000,1
27033,66001,1
27035,66003,1
27037,66005,1
27038,66006,1
27039,66007,1
27040,66008,1
27041,66009,1
27042,66010,1
27043,66011,1
27044,66012,1
27046,66014,1
27050,66018,1
27051,66019,1
27052,66020,1
27053,66021,1
27055,66023,1
27056,66024,1
27057,66025,1
27058,66026,1
27059,66027,1
27060,66028,1
27062,66030,1
27063,66031,1
27064,66032,1
27065,66033,1
27066,66034,1
27067,66035,1
27069,66037,1
27072,66038,1
27073,66039,1
27074,66040,1
27075,66041,1
27077,66043,1
27081,66047,1
27083,66049,1
27087,66053,1
27088,66054,1
27089,66055,1
27093,66059,1
27097,66063,1
27101,66067,1
27102,66068,1
27103,66069,1
27104,66070,1
27105,66071,1
27107,66073,1
27109,66075,1
27110,66076,1
27111,66077,1
27117,66081,1
27118,66082,1
27119,66083,1
27120,66084,1
27122,66086,1
27124,66088,1
27125,66089,1
27127,66091,1
27128,66092,1
27129,66093,1
27131,66095,1
27133,66097,1
27137,66101,1
27140,66104,1
27144,66108,1
27146,66110,1
27148,66112,1
27149,66113,1
27150,66114,1
27151,66115,1
27155,66119,1
27156,66120,1
27157,66121,1
27158,66122,1
27159,66123,1
27160,66124,1
27161,66125,1
27162,66126,1
27163,66127,1
27164,66128,1
27165,66129,1
27166,66130,1
27167,66131,1
27168,66132,1
27172,66134,1
27173,66135,1
27174,66136,1
27175,66137,1
27176,66138,1
27177,66139,1
27178,66140,1
27180,66142,1
27182,66144,1
27186,66148,1
27187,66149,1
27188,66150,1
27189,66151,1
27190,66152,1
27191,66153,1
27192,66154,1
27193,66155,1
27195,66157,1
27197,66159,1
27199,66161,1
27200,66162,1
27201,66163,1
27202,66164,1
27203,66165,1
27204,66166,1
27207,66169,1
27208,66170,1
27210,66172,1
27211,66173,1
27212,66174,1
27213,66175,1
27214,66176,1
27215,66177,1
27217,66179,1
27219,66181,1
27221,66183,1
27222,66184,1
27224,66186,1
27225,66187,1
27226,66188,1
27227,66189,1
27228,66190,1
27229,66191,1
27230,66192,1
27231,66193,1
27232,66194,1
27234,66196,1
27236,66198,1
27237,66199,1
27239,66201,1
27240,66202,1
27242,66204,1
27243,66205,1
27244,66206,1
27245,66207,1
27246,66208,1
27247,66209,1
27248,66210,1
27249,66211,1
27250,66212,1
27251,66213,1
27252,66214,1
27253,66215,1
27255,66217,1
27256,66218,1
27257,66219,1
27258,66220,1
27259,66221,1
27260,66222,1
27262,66224,1
27263,66225,1
27266,66228,1
27269,66231,1
27271,66233,1
27272,66234,1
27273,66235,1
27274,66236,1
27276,66238,1
27278,66240,1
27279,66241,1
27281,66243,1
27286,66248,1
27288,66250,1
27289,66251,1
27290,66252,1
27291,66253,1
27292,66254,1
27293,66255,1
27294,66256,1
27296,66258,1
27298,66260,1
27299,66261,1
27301,66263,1
27302,66264,1
27304,66266,1
27306,66268,1
27307,66269,1
27308,66270,1
27310,66272,1
27311,66273,1
27312,66274,1
27313,66275,1
27314,66276,1
27315,66277,1
27320,66282,1
27321,66283,1
27322,66284,1
27323,66285,1
27324,66286,1
27327,66289,1
27328,66290,1
27331,66293,1
27332,66294,1
27333,66295,1
27334,66296,1
27336,66298,1
27338,66300,1
27339,66301,1
27340,66302,1
27341,66303,1
27342,66304,1
27343,66305,1
27344,66306,1
27345,66307,1
27346,66308,1
27347,66309,1
27350,66310,1
27351,66311,1
27352,66312,1
27353,66313,1
27354,66314,1
27355,66315,1
27356,66316,1
27357,66317,1
27358,66318,1
27359,66319,1
27360,66320,1
27361,66321,1
27363,66323,1
27364,66324,1
27365,66325,1
27367,66327,1
27369,66329,1
27371,66331,1
27376,66336,1
27377,66337,1
27379,66339,1
27381,66341,1
27382,66342,1
27384,66344,1
27385,66345,1
27386,66346,1
27390,66348,1
27391,66349,1
27392,66350,1
27393,66351,1
27394,66352,1
27395,66353,1
27402,66360,1
27403,66361,1
27404,66362,1
27405,66363,1
27406,66364,1
27407,66365,1
27408,66366,1
27409,66367,1
27410,66368,1
27411,66369,1
27412,66370,1
27414,66372,1
27416,66374,1
27417,66375,1
27418,66376,1
27419,66377,1
27420,66378,1
27421,66379,1
27423,66381,1
27424,66382,1
27425,66383,1
27426,66384,1
27427,66385,1
27428,66386,1
27429,66387,1
27430,66388,1
27431,66389,1
27437,66395,1
27438,66396,1
27446,66404,1
27451,66409,1
27452,66410,1
27453,66411,1
27455,66413,1
27456,66414,1
27458,66416,1
27459,66417,1
27461,66419,1
27462,66420,1
27463,66421,1
27464,66422,1
27466,66424,1
27468,66426,1
27469,66427,1
27470,66428,1
27471,66429,1
27472,66430,1
27473,66431,1
27474,66432,1
27476,66434,1
27477,66435,1
27482,66440,1
27483,66441,1
27484,66442,1
27485,66443,1
27487,66445,1
27488,66446,1
27489,66447,1
27490,66448,1
27491,66449,1
27493,66451,1
27495,66453,1
27497,66455,1
27498,66456,1
27499,66457,1
27500,66458,1
27501,66459,1
27502,66460,1
27503,66461,1
27504,66462,1
27506,66464,1
27507,66465,1
27508,66466,1
27509,66467,1
27511,66469,1
27512,66470,1
27513,66471,1
27514,66472,1
27516,66474,1
27517,66475,1
27519,66477,1
27523,66479,1
27527,66483,1
27530,66486,1
27531,66487,1
27537,66493,1
27540,66496,1
27542,66498,1
27543,66499,1
27545,66501,1
27546,66502,1
27548,66504,1
27549,66505,1
27550,66506,1
27551,66507,1
27555,66511,1
27557,66513,1
27559,66515,1
27570,66526,1
27574,66530,1
27579,66533,1
27580,66534,1
27582,66536,1
27583,66537,1
27593,66547,1
27594,66548,1
27595,66549,1
27596,66550,1
27597,66551,1
27598,66552,1
27600,66554,1
27601,66555,1
27602,66556,1
27603,66557,1
27604,66558,1
27605,66559,1
27606,66560,1
27608,66562,1
27610,66564,1
27615,66569,1
27618,66572,1
27620,66574,1
27622,66576,1
27623,66577,1
27625,66579,1
27627,66581,1
27629,66583,1
27633,66587,1
27634,66588,1
27635,66589,1
27636,66590,1
27637,66591,1
27638,66592,1
27639,66593,1
27643,66597,1
27645,66599,1
27647,66601,1
27649,66603,1
27650,66604,1
27651,66605,1
27652,66606,1
27653,66607,1
27654,66608,1
27655,66609,1
27656,66610,1
27657,66611,1
27659,66613,1
27662,66616,1
27664,66618,1
27667,66621,1
27670,66624,1
27671,66625,1
27672,66626,1
27673,66627,1
27674,66628,1
27675,66629,1
27677,66631,1
27679,66633,1
27680,66634,1
27681,66635,1
27682,66636,1
27683,66637,1
27688,66642,1
27689,66643,1
27690,66644,1
27692,66646,1
27693,66647,1
27695,66649,1
27699,66651,1
27701,66653,1
27703,66655,1
27704,66656,1
27705,66657,1
27706,66658,1
27707,66659,1
27708,66660,1
27709,66661,1
27710,66662,1
27718,66670,1
27719,66671,1
27720,66672,1
27721,66673,1
27722,66674,1
27723,66675,1
27724,66676,1
27725,66677,1
27726,66678,1
27727,66679,1
27728,66680,1
27729,66681,1
27730,66682,1
27731,66683,1
27732,66684,1
27733,66685,1
27735,66687,1
27739,66691,1
27751,66703,1
27752,66704,1
27753,66705,1
27754,66706,1
27756,66708,1
27759,66711,1
27761,66713,1
27764,66716,1
27766,66718,1
27767,66719,1
27768,66720,1
27770,66722,1
27774,66726,1
27775,66727,1
27780,66730,1
27781,66731,1
27782,66732,1
27783,66733,1
27784,66734,1
27786,66736,1
27787,66737,1
27788,66738,1
27791,66741,1
27792,66742,1
27794,66744,1
27795,66745,1
27796,66746,1
27799,66749,1
27800,66750,1
27802,66752,1
27803,66753,1
27804,66754,1
27808,66756,1
27809,66757,1
27810,66758,1
27811,66759,1
27812,66760,1
27814,66762,1
27817,66765,1
27819,66767,1
27821,66769,1
27823,66771,1
27825,66773,1
27829,66777,1
27836,66784,1
27837,66785,1
27838,66786,1
27839,66787,1
27840,66788,1
27841,66789,1
27842,66790,1
27843,66791,1
27844,66792,1
27845,66793,1
27850,66798,1
27851,66799,1
27853,66801,1
27854,66802,1
27855,66803,1
27856,66804,1
27857,66805,1
27858,66806,1
27861,66809,1
27862,66810,1
27867,66815,1
27868,66816,1
27870,66818,1
27871,66819,1
27872,66820,1
27873,66821,1
27874,66822,1
27875,66823,1
27876,66824,1
27877,66825,1
27881,66829,1
27884,66832,1
27887,66835,1
27889,66837,1
27891,66839,1
27892,66840,1
27893,66841,1
27897,66845,1
27901,66849,1
27907,66855,1
27909,66857,1
27915,66863,1
27919,66865,1
27920,66866,1
27921,66867,1
27922,66868,1
27923,66869,1
27925,66871,1
27926,66872,1
27927,66873,1
27928,66874,1
27929,66875,1
27930,66876,1
27931,66877,1
27932,66878,1
27933,66879,1
27934,66880,1
27937,66883,1
27938,66884,1
27942,66886,1
27943,66887,1
27944,66888,1
27946,66890,1
27948,66892,1
27950,66894,1
27952,66896,1
27953,66897,1
27954,66898,1
27957,66901,1
27960,66904,1
27962,66906,1
27966,66910,1
27967,66911,1
27969,66913,1
27971,66915,1
27972,66916,1
27973,66917,1
27974,66918,1
27977,66921,1
27979,66923,1
27980,66924,1
27982,66926,1
27987,66931,1
27988,66932,1
27989,66933,1
27991,66935,1
27992,66936,1
27994,66938,1
27998,66940,1
28005,66945,1
28006,66946,1
28008,66948,1
28010,66950,1
28013,66953,1
28014,66954,1
28015,66955,1
28017,66957,1
28018,66958,1
28019,66959,1
28020,66960,1
28021,66961,1
28023,66963,1
28025,66965,1
28027,66967,1
28028,66968,1
28030,66970,1
28031,66971,1
28032,66972,1
28033,66973,1
28034,66974,1
28036,66976,1
28037,66977,1
28038,66978,1
28039,66979,1
28040,66980,1
28041,66981,1
28042,66982,1
28043,66983,1
28044,66984,1
28045,66985,1
28046,66986,1
28047,66987,1
28051,66991,1
28052,66992,1
28054,66994,1
28055,66995,1
28056,66996,1
28057,66997,1
28058,66998,1
28059,66999,1
28060,67000,1
28062,67002,1
28063,67003,1
28064,67004,1
28065,67005,1
28066,67006,1
28067,67007,1
28068,67008,1
28069,67009,1
28071,67011,1
28078,67018,1
28079,67019,1
28080,67020,1
28081,67021,1
28082,67022,1
28083,67023,1
28085,67025,1
28088,67028,1
28089,67029,1
28091,67031,1
28093,67033,1
28095,67035,1
28101,67041,1
28105,67045,1
28107,67047,1
28109,67049,1
28115,67055,1
28118,67058,1
28119,67059,1
28121,67061,1
28122,67062,1
28123,67063,1
28125,67065,1
28126,67066,1
28129,67069,1
28133,67071,1
28134,67072,1
28135,67073,1
28136,67074,1
28137,67075,1
28138,67076,1
28139,67077,1
28140,67078,1
28142,67080,1
28143,67081,1
28144,67082,1
28145,67083,1
28146,67084,1
28147,67085,1
28148,67086,1
28150,67088,1
28151,67089,1
28152,67090,1
28153,67091,1
28154,67092,1
28155,67093,1
28156,67094,1
28157,67095,1
28159,67097,1
28160,67098,1
28161,67099,1
28162,67100,1
28164,67102,1
28169,67107,1
28172,67110,1
28173,67111,1
28175,67113,1
28180,67118,1
28183,67121,1
28184,67122,1
28186,67124,1
28187,67125,1
28188,67126,1
28190,67128,1
28192,67130,1
28193,67131,1
28194,67132,1
28197,67135,1
28199,67137,1
28201,67139,1
28202,67140,1
28203,67141,1
28204,67142,1
28208,67146,1
28210,67148,1
28212,67150,1
28213,67151,1
28214,67152,1
28215,67153,1
28216,67154,1
28217,67155,1
28218,67156,1
28219,67157,1
28220,67158,1
28221,67159,1
28222,67160,1
28223,67161,1
28224,67162,1
28225,67163,1
28228,67166,1
28229,67167,1
28230,67168,1
28231,67169,1
28232,67170,1
28236,67174,1
28237,67175,1
28238,67176,1
28239,67177,1
28240,67178,1
28242,67180,1
28243,67181,1
28244,67182,1
28245,67183,1
28246,67184,1
28247,67185,1
28248,67186,1
28249,67187,1
28250,67188,1
28251,67189,1
28252,67190,1
28253,67191,1
28254,67192,1
28256,67194,1
28257,67195,1
28258,67196,1
28260,67198,1
28261,67199,1
28262,67200,1
28263,67201,1
28264,67202,1
28265,67203,1
28266,67204,1
28268,67206,1
28270,67208,1
28271,67209,1
28273,67211,1
28274,67212,1
28275,67213,1
28276,67214,1
28279,67217,1
28280,67218,1
28281,67219,1
28282,67220,1
28283,67221,1
28284,67222,1
28285,67223,1
28286,67224,1
28287,67225,1
28288,67226,1
28289,67227,1
28290,67228,1
28297,67235,1
28299,67237,1
28301,67239,1
28306,67244,1
28308,67246,1
28311,67249,1
28312,67250,1
28313,67251,1
28317,67255,1
28318,67256,1
28319,67257,1
28320,67258,1
28321,67259,1
28322,67260,1
28328,67266,1
28329,67267,1
28331,67269,1
28338,67276,1
28339,67277,1
28340,67278,1
28341,67279,1
28343,67281,1
28346,67284,1
28350,67288,1
28359,67297,1
28360,67298,1
28361,67299,1
28362,67300,1
28363,67301,1
28365,67303,1
28366,67304,1
28369,67307,1
28370,67308,1
28371,67309,1
28373,67311,1
28374,67312,1
28375,67313,1
28376,67314,1
28377,67315,1
28378,67316,1
28379,67317,1
28382,67320,1
28383,67321,1
28384,67322,1
28385,67323,1
28386,67324,1
28387,67325,1
28388,67326,1
28391,67329,1
28392,67330,1
28393,67331,1
28394,67332,1
28396,67334,1
28397,67335,1
28399,67337,1
28401,67339,1
28403,67341,1
28404,67342,1
28405,67343,1
28406,67344,1
28408,67346,1
28409,67347,1
28410,67348,1
28412,67350,1
28413,67351,1
28425,67363,1
28426,67364,1
28427,67365,1
28428,67366,1
28429,67367,1
28430,67368,1
28431,67369,1
28432,67370,1
28433,67371,1
28434,67372,1
28435,67373,1
28436,67374,1
28441,67377,1
28443,67379,1
28444,67380,1
28445,67381,1
28447,67383,1
28448,67384,1
28449,67385,1
28450,67386,1
28452,67388,1
28458,67394,1
28460,67396,1
28461,67397,1
28462,67398,1
28463,67399,1
28465,67401,1
28466,67402,1
28468,67404,1
28472,67408,1
28474,67410,1
28476,67412,1
28480,67416,1
28484,67420,1
28486,67422,1
28487,67423,1
28489,67425,1
28491,67427,1
28495,67431,1
28496,67432,1
28497,67433,1
28499,67435,1
28501,67437,1
28503,67439,1
28505,67441,1
28506,67442,1
28509,67445,1
28510,67446,1
28511,67447,1
28512,67448,1
28513,67449,1
28514,67450,1
28515,67451,1
28519,67455,1
28522,67458,1
28523,67459,1
28524,67460,1
28525,67461,1
28526,67462,1
28527,67463,1
28528,67464,1
28529,67465,1
28532,67468,1
28533,67469,1
28534,67470,1
28540,67476,1
28541,67477,1
28544,67480,1
28545,67481,1
28549,67485,1
28550,67486,1
28552,67488,1
28554,67490,1
28557,67493,1
28559,67495,1
28563,67499,1
28564,67500,1
28565,67501,1
28566,67502,1
28567,67503,1
28568,67504,1
28569,67505,1
28572,67508,1
28578,67512,1
28579,67513,1
28580,67514,1
28592,67526,1
28602,67534,1
28603,67535,1
28605,67537,1
28613,67545,1
28617,67549,1
28620,67552,1
28624,67556,1
28625,67557,1
28628,67560,1
28629,67561,1
28630,67562,1
28631,67563,1
28633,67565,1
28634,67566,1
28635,67567,1
28636,67568,1
28639,67571,1
28646,67578,1
28651,67583,1
28652,67584,1
28653,67585,1
28654,67586,1
28655,67587,1
28656,67588,1
28657,67589,1
28658,67590,1
28659,67591,1
28660,67592,1
28661,67593,1
28662,67594,1
28663,67595,1
28664,67596,1
28665,67597,1
28666,67598,1
28667,67599,1
28669,67601,1
28673,67605,1
28676,67608,1
28678,67610,1
28679,67611,1
28680,67612,1
28681,67613,1
28688,67618,1
28690,67620,1
28694,67624,1
28696,67626,1
28698,67628,1
28699,67629,1
28702,67632,1
28703,67633,1
28704,67634,1
28705,67635,1
28706,67636,1
28710,67640,1
28711,67641,1
28712,67642,1
28713,67643,1
28714,67644,1
28715,67645,1
28716,67646,1
28717,67647,1
28718,67648,1
28719,67649,1
28721,67651,1
28723,67653,1
28724,67654,1
28725,67655,1
28727,67657,1
28728,67658,1
28732,67662,1
28733,67663,1
28734,67664,1
28735,67665,1
28736,67666,1
28737,67667,1
28738,67668,1
28739,67669,1
28740,67670,1
28741,67671,1
28742,67672,1
28745,67675,1
28746,67676,1
28748,67678,1
28749,67679,1
28750,67680,1
28751,67681,1
28752,67682,1
28753,67683,1
28754,67684,1
28759,67689,1
28760,67690,1
28762,67692,1
28763,67693,1
28765,67695,1
28767,67697,1
28768,67698,1
28772,67702,1
28773,67703,1
28775,67705,1
28776,67706,1
28777,67707,1
28778,67708,1
28780,67710,1
28781,67711,1
28783,67713,1
28784,67714,1
28786,67716,1
28787,67717,1
28788,67718,1
28789,67719,1
28790,67720,1
28793,67723,1
28795,67725,1
28796,67726,1
28798,67728,1
28799,67729,1
28801,67731,1
28802,67732,1
28804,67734,1
28805,67735,1
28808,67738,1
28809,67739,1
28810,67740,1
28814,67742,1
28815,67743,1
28816,67744,1
28821,67749,1
28822,67750,1
28823,67751,1
28824,67752,1
28825,67753,1
28826,67754,1
28830,67758,1
28831,67759,1
28832,67760,1
28833,67761,1
28834,67762,1
28836,67764,1
28838,67766,1
28839,67767,1
28840,67768,1
28841,67769,1
28845,67773,1
28846,67774,1
28847,67775,1
28849,67777,1
28850,67778,1
28851,67779,1
28852,67780,1
28853,67781,1
28857,67785,1
28858,67786,1
28859,67787,1
28860,67788,1
28861,67789,1
28862,67790,1
28863,67791,1
28865,67793,1
28867,67795,1
28868,67796,1
28869,67797,1
28870,67798,1
28871,67799,1
28872,67800,1
28873,67801,1
28874,67802,1
28875,67803,1
28877,67805,1
28884,67812,1
28885,67813,1
28887,67815,1
28888,67816,1
28889,67817,1
28891,67819,1
28893,67821,1
28898,67826,1
28899,67827,1
28901,67829,1
28902,67830,1
28903,67831,1
28904,67832,1
28905,67833,1
28906,67834,1
28907,67835,1
28909,67837,1
28913,67841,1
28914,67842,1
28915,67843,1
28916,67844,1
28922,67850,1
28923,67851,1
28924,67852,1
28925,67853,1
28926,67854,1
28928,67856,1
28929,67857,1
28930,67858,1
28933,67861,1
28934,67862,1
28935,67863,1
28938,67866,1
28939,67867,1
28942,67870,1
28947,67875,1
28949,67877,1
28950,67878,1
28951,67879,1
28952,67880,1
28953,67881,1
28954,67882,1
28955,67883,1
28956,67884,1
28957,67885,1
28959,67887,1
28961,67889,1
28962,67890,1
28963,67891,1
28964,67892,1
28965,67893,1
28966,67894,1
28967,67895,1
28968,67896,1
28969,67897,1
28970,67898,1
28971,67899,1
28972,67900,1
28973,67901,1
28975,67903,1
28976,67904,1
28977,67905,1
28978,67906,1
28979,67907,1
28980,67908,1
28982,67910,1
28983,67911,1
28984,67912,1
28986,67914,1
28987,67915,1
28988,67916,1
28989,67917,1
28990,67918,1
28991,67919,1
28992,67920,1
28993,67921,1
28994,67922,1
28996,67924,1
29000,67928,1
29001,67929,1
29002,67930,1
29003,67931,1
29004,67932,1
29005,67933,1
29006,67934,1
29007,67935,1
29008,67936,1
29009,67937,1
29010,67938,1
29011,67939,1
29012,67940,1
29013,67941,1
29014,67942,1
29015,67943,1
29016,67944,1
29017,67945,1
29018,67946,1
29019,67947,1
29020,67948,1
29021,67949,1
29022,67950,1
29023,67951,1
29024,67952,1
29025,67953,1
29026,67954,1
29027,67955,1
29028,67956,1
29030,67958,1
29031,67959,1
29032,67960,1
29033,67961,1
29034,67962,1
29035,67963,1
29036,67964,1
29037,67965,1
29038,67966,1
29039,67967,1
29040,67968,1
29041,67969,1
29043,67971,1
29044,67972,1
29045,67973,1
29046,67974,1
29047,67975,1
29048,67976,1
29058,67986,1
29059,67987,1
29060,67988,1
29061,67989,1
29062,67990,1
29063,67991,1
29065,67993,1
29066,67994,1
29068,67996,1
29069,67997,1
29070,67998,1
29075,68001,1
29076,68002,1
29077,68003,1
29078,68004,1
29079,68005,1
29080,68006,1
29082,68008,1
29083,68009,1
29084,68010,1
29088,68012,1
29089,68013,1
29090,68014,1
29091,68015,1
29093,68017,1
29094,68018,1
29095,68019,1
29096,68020,1
29097,68021,1
29098,68022,1
29100,68024,1
29101,68025,1
29102,68026,1
29103,68027,1
29104,68028,1
29108,68032,1
29109,68033,1
29110,68034,1
29111,68035,1
29112,68036,1
29113,68037,1
29115,68039,1
29118,68042,1
29120,68044,1
29121,68045,1
29122,68046,1
29123,68047,1
29124,68048,1
29125,68049,1
29127,68051,1
29128,68052,1
29129,68053,1
29131,68055,1
29133,68057,1
29137,68061,1
29138,68062,1
29140,68064,1
29144,68068,1
29145,68069,1
29147,68071,1
29148,68072,1
29150,68074,1
29151,68075,1
29156,68080,1
29157,68081,1
29158,68082,1
29159,68083,1
29160,68084,1
29161,68085,1
29162,68086,1
29163,68087,1
29164,68088,1
29165,68089,1
29166,68090,1
29167,68091,1
29168,68092,1
29170,68094,1
29171,68095,1
29172,68096,1
29173,68097,1
29174,68098,1
29175,68099,1
29176,68100,1
29180,68104,1
29181,68105,1
29182,68106,1
29187,68111,1
29190,68114,1
29193,68117,1
29200,68124,1
29203,68127,1
29204,68128,1
29206,68130,1
29207,68131,1
29212,68136,1
29213,68137,1
29216,68140,1
29217,68141,1
29218,68142,1
29219,68143,1
29220,68144,1
29221,68145,1
29222,68146,1
29224,68148,1
29225,68149,1
29226,68150,1
29227,68151,1
29228,68152,1
29229,68153,1
29230,68154,1
29231,68155,1
29232,68156,1
29233,68157,1
29234,68158,1
29235,68159,1
29236,68160,1
29237,68161,1
29238,68162,1
29239,68163,1
29240,68164,1
29241,68165,1
29242,68166,1
29243,68167,1
29244,68168,1
29245,68169,1
29247,68171,1
29248,68172,1
29249,68173,1
29250,68174,1
29253,68177,1
29255,68179,1
29256,68180,1
29257,68181,1
29258,68182,1
29259,68183,1
29260,68184,1
29261,68185,1
29262,68186,1
29264,68188,1
29265,68189,1
29269,68193,1
29270,68194,1
29271,68195,1
29273,68197,1
29275,68199,1
29276,68200,1
29277,68201,1
29278,68202,1
29279,68203,1
29280,68204,1
29281,68205,1
29282,68206,1
29283,68207,1
29285,68209,1
29286,68210,1
29288,68212,1
29289,68213,1
29290,68214,1
29291,68215,1
29292,68216,1
29293,68217,1
29295,68219,1
29300,68224,1
29301,68225,1
29303,68227,1
29304,68228,1
29305,68229,1
29307,68231,1
29309,68233,1
29310,68234,1
29314,68238,1
29315,68239,1
29316,68240,1
29317,68241,1
29319,68243,1
29323,68247,1
29324,68248,1
29326,68250,1
29327,68251,1
29328,68252,1
29331,68255,1
29332,68256,1
29333,68257,1
29334,68258,1
29335,68259,1
29336,68260,1
29337,68261,1
29338,68262,1
29339,68263,1
29340,68264,1
29341,68265,1
29342,68266,1
29343,68267,1
29344,68268,1
29349,68273,1
29350,68274,1
29351,68275,1
29352,68276,1
29353,68277,1
29355,68279,1
29356,68280,1
29357,68281,1
29358,68282,1
29359,68283,1
29360,68284,1
29361,68285,1
29362,68286,1
29363,68287,1
29364,68288,1
29365,68289,1
29366,68290,1
29367,68291,1
29368,68292,1
29372,68294,1
29375,68297,1
29377,68299,1
29382,68304,1
29384,68306,1
29387,68309,1
29390,68312,1
29392,68314,1
29393,68315,1
29394,68316,1
29398,68320,1
29399,68321,1
29400,68322,1
29401,68323,1
29402,68324,1
29403,68325,1
29404,68326,1
29405,68327,1
29406,68328,1
29407,68329,1
29408,68330,1
29409,68331,1
29410,68332,1
29411,68333,1
29414,68336,1
29416,68338,1
29421,68343,1
29422,68344,1
29426,68348,1
29428,68350,1
29432,68354,1
29433,68355,1
29434,68356,1
29435,68357,1
29436,68358,1
29437,68359,1
29438,68360,1
29441,68363,1
29442,68364,1
29443,68365,1
29444,68366,1
29445,68367,1
29446,68368,1
29447,68369,1
29448,68370,1
29449,68371,1
29451,68373,1
29452,68374,1
29453,68375,1
29455,68377,1
29456,68378,1
29458,68380,1
29460,68382,1
29461,68383,1
29462,68384,1
29463,68385,1
29464,68386,1
29465,68387,1
29467,68389,1
29471,68393,1
29472,68394,1
29473,68395,1
29474,68396,1
29475,68397,1
29476,68398,1
29477,68399,1
29478,68400,1
29479,68401,1
29480,68402,1
29481,68403,1
29482,68404,1
29483,68405,1
29484,68406,1
29485,68407,1
29486,68408,1
29487,68409,1
29488,68410,1
29489,68411,1
29490,68412,1
29491,68413,1
29494,68416,1
29495,68417,1
29496,68418,1
29497,68419,1
29498,68420,1
29499,68421,1
29500,68422,1
29501,68423,1
29502,68424,1
29506,68428,1
29508,68430,1
29509,68431,1
29510,68432,1
29511,68433,1
29512,68434,1
29513,68435,1
29514,68436,1
29515,68437,1
29516,68438,1
29520,68442,1
29523,68445,1
29524,68446,1
29525,68447,1
29526,68448,1
29529,68451,1
29530,68452,1
29537,68459,1
29538,68460,1
29542,68464,1
29543,68465,1
29547,68469,1
29549,68471,1
29550,68472,1
29551,68473,1
29552,68474,1
29554,68476,1
29556,68478,1
29557,68479,1
29560,68482,1
29561,68483,1
29562,68484,1
29564,68486,1
29565,68487,1
29566,68488,1
29568,68490,1
29569,68491,1
29570,68492,1
29571,68493,1
29572,68494,1
29573,68495,1
29574,68496,1
29577,68499,1
29583,68505,1
29587,68509,1
29589,68511,1
29591,68513,1
29592,68514,1
29593,68515,1
29595,68517,1
29596,68518,1
29597,68519,1
29598,68520,1
29601,68523,1
29602,68524,1
29603,68525,1
29604,68526,1
29605,68527,1
29609,68531,1
29611,68533,1
29612,68534,1
29613,68535,1
29614,68536,1
29615,68537,1
29616,68538,1
29618,68540,1
29620,68542,1
29621,68543,1
29622,68544,1
29623,68545,1
29624,68546,1
29626,68548,1
29628,68550,1
29629,68551,1
29630,68552,1
29631,68553,1
29633,68555,1
29634,68556,1
29636,68558,1
29638,68560,1
29639,68561,1
29640,68562,1
29643,68565,1
29648,68570,1
29649,68571,1
29650,68572,1
29651,68573,1
29652,68574,1
29653,68575,1
29654,68576,1
29657,68577,1
29658,68578,1
29659,68579,1
29660,68580,1
29662,68582,1
29663,68583,1
29668,68588,1
29669,68589,1
29671,68591,1
29672,68592,1
29673,68593,1
29676,68596,1
29678,68598,1
29679,68599,1
29680,68600,1
29681,68601,1
29682,68602,1
29686,68606,1
29687,68608,1
29690,68611,1
29691,68612,1
29694,68615,1
29695,68616,1
29696,68617,1
29697,68618,1
29698,68619,1
29699,68620,1
29701,68622,1
29703,68624,1
29704,68625,1
29705,68626,1
29706,68627,1
29707,68628,1
29708,68629,1
29709,68630,1
29710,68631,1
29711,68632,1
29712,68633,1
29713,68634,1
29718,68636,1
29719,68637,1
29720,68638,1
29721,68639,1
29722,68640,1
29724,68642,1
29725,68643,1
29726,68644,1
29727,68645,1
29728,68646,1
29729,68647,1
29730,68648,1
29731,68649,1
29737,68655,1
29738,68656,1
29739,68657,1
29740,68658,1
29741,68659,1
29743,68661,1
29745,68663,1
29746,68664,1
29748,68666,1
29750,68668,1
29751,68669,1
29752,68670,1
29754,68672,1
29756,68674,1
29758,68676,1
29759,68677,1
29760,68678,1
29761,68679,1
29762,68680,1
29763,68681,1
29764,68682,1
29770,68686,1
29771,68687,1
29772,68688,1
29773,68689,1
29780,68696,1
29781,68697,1
29783,68699,1
29785,68701,1
29787,68703,1
29790,68706,1
29793,68709,1
29794,68710,1
29796,68712,1
29800,68716,1
29805,68721,1
29806,68722,1
29807,68723,1
29808,68724,1
29809,68725,1
29810,68726,1
29811,68727,1
29812,68728,1
29813,68729,1
29815,68731,1
29816,68732,1
29817,68733,1
29818,68734,1
29819,68735,1
29820,68736,1
29821,68737,1
29823,68739,1
29824,68740,1
29825,68741,1
29826,68742,1
29827,68743,1
29828,68744,1
29830,68746,1
29834,68750,1
29836,68752,1
29838,68754,1
29840,68756,1
29842,68758,1
29843,68759,1
29844,68760,1
29846,68762,1
29847,68763,1
29848,68764,1
29849,68765,1
29850,68766,1
29851,68767,1
29852,68768,1
29854,68770,1
29856,68772,1
29860,68776,1
29861,68777,1
29863,68779,1
29865,68781,1
29866,68782,1
29868,68784,1
29869,68785,1
29870,68786,1
29871,68787,1
29872,68788,1
29874,68790,1
29875,68791,1
29876,68792,1
29877,68793,1
29878,68794,1
29883,68799,1
29885,68801,1
29888,68804,1
29890,68806,1
29891,68807,1
29892,68808,1
29893,68809,1
29894,68810,1
29895,68811,1
29896,68812,1
29897,68813,1
29899,68815,1
29901,68817,1
29903,68819,1
29904,68820,1
29905,68821,1
29906,68822,1
29907,68823,1
29908,68824,1
29909,68825,1
29910,68826,1
29911,68827,1
29912,68828,1
29913,68829,1
29914,68830,1
29919,68835,1
29920,68836,1
29921,68837,1
29922,68838,1
29923,68839,1
29924,68840,1
29925,68841,1
29926,68842,1
29927,68843,1
29928,68844,1
29929,68845,1
29931,68847,1
29936,68852,1
29938,68854,1
29939,68855,1
29940,68856,1
29941,68857,1
29942,68858,1
29943,68859,1
29944,68860,1
29945,68861,1
29946,68862,1
29948,68864,1
29949,68865,1
29950,68866,1
29951,68867,1
29952,68868,1
29953,68870,1
29954,68871,1
29955,68872,1
29956,68873,1
29957,68874,1
29958,68875,1
29959,68876,1
29960,68877,1
29961,68878,1
29962,68879,1
29964,68881,1
29965,68882,1
29966,68883,1
29967,68884,1
29968,68885,1
29969,68886,1
29970,68887,1
29972,68889,1
29973,68890,1
29974,68891,1
29977,68894,1
29978,68895,1
29979,68896,1
29980,68897,1
29981,68898,1
29983,68900,1
29987,68904,1
29988,68905,1
29989,68906,1
29991,68908,1
29992,68909,1
29994,68911,1
29997,68914,1
29998,68915,1
30000,68917,1
30002,68919,1
30008,68925,1
30009,68926,1
30010,68927,1
30011,68928,1
30012,68929,1
30014,68931,1
30016,68933,1
30017,68934,1
30018,68935,1
30019,68936,1
30020,68937,1
30021,68938,1
30028,68945,1
30029,68946,1
30032,68949,1
30035,68952,1
30041,68958,1
30042,68959,1
30043,68960,1
30044,68961,1
30045,68962,1
30046,68963,1
30047,68964,1
30048,68965,1
30051,68968,1
30053,68970,1
30055,68972,1
30056,68973,1
30057,68974,1
30058,68975,1
30059,68976,1
30060,68977,1
30063,68980,1
30064,68981,1
30065,68982,1
30066,68983,1
30067,68984,1
30068,68985,1
30069,68986,1
30070,68987,1
30079,68996,1
30080,68997,1
30081,68998,1
30082,68999,1
30083,69000,1
30084,69001,1
30085,69002,1
30086,69003,1
30087,69004,1
30088,69005,1
30089,69006,1
30090,69007,1
30091,69008,1
30092,69009,1
30093,69010,1
30094,69011,1
30095,69012,1
30096,69021,1
30097,69022,1
30098,69023,1
30099,69024,1
30100,69025,1
30101,69026,1
30102,69027,1
30103,69028,1
30104,69029,1
30105,69030,1
30106,69031,1
30107,69032,1
30108,69033,1
30109,69034,1
30110,69035,1
30111,69036,1
30112,69037,1
30113,69038,1
30114,69039,1
30115,69040,1
30117,69042,1
30119,69044,1
30120,69045,1
30121,69046,1
30122,69047,1
30123,69048,1
30125,69050,1
30126,69051,1
30127,69052,1
30128,69053,1
30129,69054,1
30130,69055,1
30131,69056,1
30132,69057,1
30137,69062,1
30140,69065,1
30148,69073,1
30150,69075,1
30154,69079,1
30155,69080,1
30157,69082,1
30158,69083,1
30162,69087,1
30164,69089,1
30166,69091,1
30167,69092,1
30168,69093,1
30169,69094,1
30170,69095,1
30171,69096,1
30172,69097,1
30176,69101,1
30177,69102,1
30179,69104,1
30180,69105,1
30181,69106,1
30182,69107,1
30183,69108,1
30184,69109,1
30185,69110,1
30186,69111,1
30187,69112,1
30188,69113,1
30189,69114,1
30192,69117,1
30193,69118,1
30195,69120,1
30197,69122,1
30198,69123,1
30199,69124,1
30203,69128,1
30206,69131,1
30207,69132,1
30208,69133,1
30209,69134,1
30213,69138,1
30217,69142,1
30218,69143,1
30219,69144,1
30220,69145,1
30221,69146,1
30223,69148,1
30224,69149,1
30225,69150,1
30227,69152,1
30228,69153,1
30229,69154,1
30230,69155,1
30233,69158,1
30234,69159,1
30236,69161,1
30237,69162,1
30238,69163,1
30239,69164,1
30244,69169,1
30245,69170,1
30246,69171,1
30248,69173,1
30249,69174,1
30250,69175,1
30251,69176,1
30252,69177,1
30253,69178,1
30254,69179,1
30260,69185,1
30261,69186,1
30262,69187,1
30263,69188,1
30264,69189,1
30265,69190,1
30272,69197,1
30273,69198,1
30274,69199,1
30275,69200,1
30276,69201,1
30277,69202,1
30278,69203,1
30279,69204,1
30280,69205,1
30281,69206,1
30282,69207,1
30283,69208,1
30284,69209,1
30285,69210,1
30286,69211,1
30287,69212,1
30288,69213,1
30290,69215,1
30291,69216,1
30295,69220,1
30297,69222,1
30300,69225,1
30315,69240,1
30316,69241,1
30317,69242,1
30318,69243,1
30321,69246,1
30328,69253,1
30331,69256,1
30333,69258,1
30335,69260,1
30342,69267,1
30343,69268,1
30344,69269,1
30345,69270,1
30346,69271,1
30348,69273,1
30350,69275,1
30357,69282,1
30358,69283,1
30359,69284,1
30360,69285,1
30361,69286,1
30362,69287,1
30363,69288,1
30364,69289,1
30365,69290,1
30367,69292,1
30370,69295,1
30371,69296,1
30372,69297,1
30373,69298,1
30374,69299,1
30375,69300,1
30376,69301,1
30378,69303,1
30380,69305,1
30381,69306,1
30382,69307,1
30383,69308,1
30384,69309,1
30386,69311,1
30388,69313,1
30391,69316,1
30393,69318,1
30397,69322,1
30404,69329,1
30405,69330,1
30406,69331,1
30408,69333,1
30409,69334,1
30411,69336,1
30414,69339,1
30420,69345,1
30421,69346,1
30422,69347,1
30423,69348,1
30424,69349,1
30425,69350,1
30426,69351,1
30427,69352,1
30431,69356,1
30432,69357,1
30433,69358,1
30434,69359,1
30435,69360,1
30436,69361,1
30437,69362,1
30438,69363,1
30439,69364,1
30441,69366,1
30445,69370,1
30446,69371,1
30447,69372,1
30448,69373,1
30454,69379,1
30457,69382,1
30458,69383,1
30459,69384,1
30461,69386,1
30462,69387,1
30464,69389,1
30465,69390,1
30466,69391,1
30467,69392,1
30468,69393,1
30472,69397,1
30473,69398,1
30474,69399,1
30476,69401,1
30477,69402,1
30479,69404,1
30480,69405,1
30484,69409,1
30485,69410,1
30486,69411,1
30487,69412,1
30488,69413,1
30489,69414,1
30490,69415,1
30491,69416,1
30496,69419,1
30497,69420,1
30498,69421,1
30499,69422,1
30500,69423,1
30501,69424,1
30502,69425,1
30503,69426,1
30504,69427,1
30505,69428,1
30506,69429,1
30507,69430,1
30508,69431,1
30509,69432,1
30510,69433,1
30514,69435,1
30516,69437,1
30517,69438,1
30518,69439,1
30526,69447,1
30529,69450,1
30530,69451,1
30531,69452,1
30532,69453,1
30533,69454,1
30537,69456,1
30538,69457,1
30539,69458,1
30540,69459,1
30542,69461,1
30543,69462,1
30544,69463,1
30545,69464,1
30547,69466,1
30549,69468,1
30550,69469,1
30551,69470,1
30553,69472,1
30555,69474,1
30556,69475,1
30558,69477,1
30560,69479,1
30561,69480,1
30562,69481,1
30563,69482,1
30564,69483,1
30565,69484,1
30566,69485,1
30567,69486,1
30568,69487,1
30572,69489,1
30574,69491,1
30575,69492,1
30576,69493,1
30577,69494,1
30579,69496,1
30581,69498,1
30582,69499,1
30584,69501,1
30586,69503,1
30588,69505,1
30589,69506,1
30590,69507,1
30591,69508,1
30592,69509,1
30593,69510,1
30594,69511,1
30595,69512,1
30601,69518,1
30604,69521,1
30610,69527,1
30611,69528,1
30612,69529,1
30613,69530,1
30614,69531,1
30616,69533,1
30617,69534,1
30618,69535,1
30619,69536,1
30620,69537,1
30621,69538,1
30623,69540,1
30624,69541,1
30626,69543,1
30628,69545,1
30629,69546,1
30631,69548,1
30632,69549,1
30635,69552,1
30636,69553,1
30639,69556,1
30641,69558,1
30643,69560,1
30644,69561,1
30645,69562,1
30646,69563,1
30647,69564,1
30648,69565,1
30649,69566,1
30650,69567,1
30654,69569,1
30658,69573,1
30659,69574,1
30660,69575,1
30661,69576,1
30662,69577,1
30663,69578,1
30665,69580,1
30666,69581,1
30667,69582,1
30669,69584,1
30670,69585,1
30671,69586,1
30672,69587,1
30674,69589,1
30676,69591,1
30677,69592,1
30678,69593,1
30679,69594,1
30680,69595,1
30681,69596,1
30682,69597,1
30683,69598,1
30684,69599,1
30685,69600,1
30686,69601,1
30687,69602,1
30690,69605,1
30691,69606,1
30692,69607,1
30693,69608,1
30694,69609,1
30695,69610,1
30696,69611,1
30699,69614,1
30700,69615,1
30701,69616,1
30702,69617,1
30704,69619,1
30706,69621,1
30707,69622,1
30710,69623,1
30711,69624,1
30713,69626,1
30714,69627,1
30716,69629,1
30717,69630,1
30719,69632,1
30720,69633,1
30721,69634,1
30722,69635,1
30723,69636,1
30724,69637,1
30725,69638,1
30726,69639,1
30727,69640,1
30728,69641,1
30729,69642,1
30731,69644,1
30732,69645,1
30733,69646,1
30734,69647,1
30735,69648,1
30736,69649,1
30737,69650,1
30739,69652,1
30741,69654,1
30742,69655,1
30743,69656,1
30750,69661,1
30752,69663,1
30753,69664,1
30755,69666,1
30756,69667,1
30757,69668,1
30758,69669,1
30759,69670,1
30760,69671,1
30761,69672,1
30762,69673,1
30763,69674,1
30767,69678,1
30768,69679,1
30769,69680,1
30770,69681,1
30771,69682,1
30772,69683,1
30773,69684,1
30775,69686,1
30777,69688,1
30778,69689,1
30780,69691,1
30781,69692,1
30783,69694,1
30785,69696,1
30786,69697,1
30787,69698,1
30788,69699,1
30789,69700,1
30790,69701,1
30791,69702,1
30792,69703,1
30793,69704,1
30794,69705,1
30795,69706,1
30798,69709,1
30799,69710,1
30800,69711,1
30801,69712,1
30802,69713,1
30803,69714,1
30804,69715,1
30805,69716,1
30808,69719,1
30809,69720,1
30812,69721,1
30813,69722,1
30814,69723,1
30815,69724,1
30816,69725,1
30817,69726,1
30820,69729,1
30822,69731,1
30823,69732,1
30824,69733,1
30825,69734,1
30826,69735,1
30830,69737,1
30831,69738,1
30832,69739,1
30834,69741,1
30835,69742,1
30836,69743,1
30837,69744,1
30839,69746,1
30840,69747,1
30844,69751,1
30846,69753,1
30849,69756,1
30850,69757,1
30855,69759,1
30857,69761,1
30859,69763,1
30861,69765,1
30862,69766,1
30863,69767,1
30864,69768,1
30865,69769,1
30866,69770,1
30867,69771,1
30869,69773,1
30872,69776,1
30873,69777,1
30875,69779,1
30876,69780,1
30877,69781,1
30878,69782,1
30879,69783,1
30880,69784,1
30881,69785,1
30882,69786,1
30883,69787,1
30884,69788,1
30887,69789,1
30888,69790,1
30889,69791,1
30890,69792,1
30893,69795,1
30895,69797,1
30897,69799,1
30899,69801,1
30900,69802,1
30902,69804,1
30903,69805,1
30904,69806,1
30906,69808,1
30908,69810,1
30909,69811,1
30910,69812,1
30911,69813,1
30912,69814,1
30913,69815,1
30914,69816,1
30915,69817,1
30919,69819,1
30925,69825,1
30926,69826,1
30927,69827,1
30929,69829,1
30933,69833,1
30934,69834,1
30935,69835,1
30936,69836,1
30937,69837,1
30939,69839,1
30940,69840,1
30941,69841,1
30942,69842,1
30944,69844,1
30945,69845,1
30946,69846,1
30947,69847,1
30948,69848,1
30951,69851,1
30952,69852,1
30954,69854,1
30955,69855,1
30956,69856,1
30960,69860,1
30962,69862,1
30963,69863,1
30964,69864,1
30965,69865,1
30968,69868,1
30969,69869,1
30971,69871,1
30973,69873,1
30976,69876,1
30980,69880,1
30985,69885,1
30987,69887,1
30990,69890,1
30991,69891,1
30993,69893,1
30995,69895,1
30996,69896,1
30999,69899,1
31000,69900,1
31001,69901,1
31002,69902,1
31004,69904,1
31008,69906,1
31010,69908,1
31011,69909,1
31012,69910,1
31014,69912,1
31015,69913,1
31016,69914,1
31024,69922,1
31027,69925,1
31028,69926,1
31029,69927,1
31030,69928,1
31031,69929,1
31032,69930,1
31033,69931,1
31034,69932,1
31035,69933,1
31037,69935,1
31038,69936,1
31039,69937,1
31040,69938,1
31041,69939,1
31042,69940,1
31043,69941,1
31044,69942,1
31045,69943,1
31046,69944,1
31047,69945,1
31052,69950,1
31053,69951,1
31054,69952,1
31056,69954,1
31057,69955,1
31058,69956,1
31059,69957,1
31060,69958,1
31061,69959,1
31062,69960,1
31063,69961,1
31064,69962,1
31065,69963,1
31066,69964,1
31067,69965,1
31069,69967,1
31071,69969,1
31073,69971,1
31074,69972,1
31075,69973,1
31076,69974,1
31078,69976,1
31086,69984,1
31087,69985,1
31088,69986,1
31089,69987,1
31090,69988,1
31091,69989,1
31092,69990,1
31093,69991,1
31094,69992,1
31095,69993,1
31097,69995,1
31099,69997,1
31101,69999,1
31104,70002,1
31106,70004,1
31109,70007,1
31112,70010,1
31114,70012,1
31115,70013,1
31117,70015,1
31119,70017,1
31120,70018,1
31122,70020,1
31123,70021,1
31124,70022,1
31125,70023,1
31126,70024,1
31128,70026,1
31130,70028,1
31131,70029,1
31132,70030,1
31133,70031,1
31134,70032,1
31135,70033,1
31136,70034,1
31137,70035,1
31138,70036,1
31139,70037,1
31141,70039,1
31142,70040,1
31143,70041,1
31144,70042,1
31145,70043,1
31146,70044,1
31147,70045,1
31148,70046,1
31149,70047,1
31150,70048,1
31151,70049,1
31152,70050,1
31153,70051,1
31154,70052,1
31155,70053,1
31156,70054,1
31157,70055,1
31158,70056,1
31159,70057,1
31160,70058,1
31163,70061,1
31164,70062,1
31165,70063,1
31166,70064,1
31169,70067,1
31173,70069,1
31174,70070,1
31175,70071,1
31176,70072,1
31177,70073,1
31178,70074,1
31179,70075,1
31180,70076,1
31181,70077,1
31182,70078,1
31183,70079,1
31184,70080,1
31186,70082,1
31188,70084,1
31189,70085,1
31191,70087,1
31193,70089,1
31194,70090,1
31195,70091,1
31196,70092,1
31198,70094,1
31200,70096,1
31201,70097,1
31202,70098,1
31204,70100,1
31206,70102,1
31207,70103,1
31208,70104,1
31209,70105,1
31210,70106,1
31211,70107,1
31212,70108,1
31213,70109,1
31214,70110,1
31215,70111,1
31216,70112,1
31224,70120,1
31225,70121,1
31226,70122,1
31227,70123,1
31230,70126,1
31231,70127,1
31232,70128,1
31233,70129,1
31234,70130,1
31235,70131,1
31236,70132,1
31237,70133,1
31238,70134,1
31239,70135,1
31240,70136,1
31241,70137,1
31242,70138,1
31243,70139,1
31244,70140,1
31245,70141,1
31246,70142,1
31249,70145,1
31251,70147,1
31252,70148,1
31253,70149,1
31254,70150,1
31255,70151,1
31257,70153,1
31261,70157,1
31262,70158,1
31263,70159,1
31265,70161,1
31266,70162,1
31267,70163,1
31268,70164,1
31269,70165,1
31270,70166,1
31271,70167,1
31272,70168,1
31273,70169,1
31274,70170,1
31278,70172,1
31279,70173,1
31280,70174,1
31285,70177,1
31287,70179,1
31292,70184,1
31298,70190,1
31299,70191,1
31301,70193,1
31304,70196,1
31305,70197,1
31306,70198,1
31307,70199,1
31308,70200,1
31309,70201,1
31310,70202,1
31311,70203,1
31312,70204,1
31316,70208,1
31317,70209,1
31319,70211,1
31320,70212,1
31321,70213,1
31322,70214,1
31323,70215,1
31327,70219,1
31330,70222,1
31332,70224,1
31333,70225,1
31334,70226,1
31335,70227,1
31336,70228,1
31337,70229,1
31342,70234,1
31343,70235,1
31345,70237,1
31346,70238,1
31347,70239,1
31349,70241,1
31351,70243,1
31357,70249,1
31359,70251,1
31360,70252,1
31362,70254,1
31364,70256,1
31366,70258,1
31368,70260,1
31369,70261,1
31373,70263,1
31374,70264,1
31375,70265,1
31377,70267,1
31378,70268,1
31380,70270,1
31381,70271,1
31383,70273,1
31384,70274,1
31386,70276,1
31390,70278,1
31391,70279,1
31393,70281,1
31395,70283,1
31396,70284,1
31397,70285,1
31398,70286,1
31399,70287,1
31400,70288,1
31401,70289,1
31402,70290,1
31403,70291,1
31404,70292,1
31405,70293,1
31406,70294,1
31407,70295,1
31408,70296,1
31409,70297,1
31410,70298,1
31412,70300,1
31413,70301,1
31414,70302,1
31416,70304,1
31418,70306,1
31419,70307,1
31423,70309,1
31424,70310,1
31425,70311,1
31428,70314,1
31429,70315,1
31431,70317,1
31436,70322,1
31438,70324,1
31439,70325,1
31440,70326,1
31441,70327,1
31442,70328,1
31443,70329,1
31445,70331,1
31446,70332,1
31449,70335,1
31452,70338,1
31453,70339,1
31455,70341,1
31461,70347,1
31465,70351,1
31466,70352,1
31467,70353,1
31468,70354,1
31469,70355,1
31471,70357,1
31472,70358,1
31473,70359,1
31474,70360,1
31476,70362,1
31478,70364,1
31479,70365,1
31480,70366,1
31481,70367,1
31482,70368,1
31483,70369,1
31484,70370,1
31485,70371,1
31489,70373,1
31493,70377,1
31494,70378,1
31500,70384,1
31501,70385,1
31502,70386,1
31504,70388,1
31506,70390,1
31510,70394,1
31512,70396,1
31513,70397,1
31514,70398,1
31515,70399,1
31517,70401,1
31518,70402,1
31520,70404,1
31521,70405,1
31523,70407,1
31524,70408,1
31527,70411,1
31530,70414,1
31532,70416,1
31534,70418,1
31535,70419,1
31536,70420,1
31537,70421,1
31538,70422,1
31539,70423,1
31540,70424,1
31541,70425,1
31544,70428,1
31545,70429,1
31546,70430,1
31547,70431,1
31548,70432,1
31549,70433,1
31550,70434,1
31551,70435,1
31552,70436,1
31553,70437,1
31554,70438,1
31555,70439,1
31556,70440,1
31557,70441,1
31558,70442,1
31559,70443,1
31560,70444,1
31561,70445,1
31562,70446,1
31563,70447,1
31564,70448,1
31565,70449,1
31566,70450,1
31567,70451,1
31568,70452,1
31570,70454,1
31571,70455,1
31572,70456,1
31574,70458,1
31576,70460,1
31577,70461,1
31583,70467,1
31584,70468,1
31585,70469,1
31588,70472,1
31589,70473,1
31590,70474,1
31594,70476,1
31595,70477,1
31596,70478,1
31597,70479,1
31598,70480,1
31599,70481,1
31602,70484,1
31603,70485,1
31605,70487,1
31609,70491,1
31610,70492,1
31612,70494,1
31614,70496,1
31615,70497,1
31616,70498,1
31617,70499,1
31618,70500,1
31619,70501,1
31621,70503,1
31623,70505,1
31631,70513,1
31632,70514,1
31634,70516,1
31635,70517,1
31637,70519,1
31639,70521,1
31640,70522,1
31641,70523,1
31642,70524,1
31643,70525,1
31644,70526,1
31645,70527,1
31646,70528,1
31647,70529,1
31650,70532,1
31651,70533,1
31652,70534,1
31653,70535,1
31654,70536,1
31655,70537,1
31659,70541,1
31660,70542,1
31661,70543,1
31662,70544,1
31663,70545,1
31664,70546,1
31665,70547,1
31666,70548,1
31667,70549,1
31668,70550,1
31669,70551,1
31670,70552,1
31671,70553,1
31672,70554,1
31673,70555,1
31674,70556,1
31675,70557,1
31676,70558,1
31677,70559,1
31678,70560,1
31679,70561,1
31680,70562,1
31683,70563,1
31684,70564,1
31685,70565,1
31687,70567,1
31688,70568,1
31689,70569,1
31690,70570,1
31692,70572,1
31693,70573,1
31694,70574,1
31695,70575,1
31696,70576,1
31697,70577,1
31698,70578,1
31699,70579,1
31700,70580,1
31701,70581,1
31702,70582,1
31703,70583,1
31704,70584,1
31705,70585,1
31706,70586,1
31707,70587,1
31708,70588,1
31713,70593,1
31714,70594,1
31715,70595,1
31716,70596,1
31718,70598,1
31720,70600,1
31724,70602,1
31726,70604,1
31728,70606,1
31730,70608,1
31731,70609,1
31732,70610,1
31733,70611,1
31735,70613,1
31736,70614,1
31740,70618,1
31742,70620,1
31743,70621,1
31744,70622,1
31745,70623,1
31746,70624,1
31749,70627,1
31751,70629,1
31752,70630,1
31753,70631,1
31758,70634,1
31760,70636,1
31764,70640,1
31765,70641,1
31766,70642,1
31767,70643,1
31768,70644,1
31770,70646,1
31771,70647,1
31772,70648,1
31773,70649,1
31775,70651,1
31776,70652,1
31777,70653,1
31778,70654,1
31779,70655,1
31780,70656,1
31782,70658,1
31786,70660,1
31787,70661,1
31788,70662,1
31792,70666,1
31801,70675,1
31809,70683,1
31812,70686,1
31820,70694,1
31821,70695,1
31822,70696,1
31823,70697,1
31824,70698,1
31825,70699,1
31826,70700,1
31827,70701,1
31828,70702,1
31829,70703,1
31830,70704,1
31831,70705,1
31832,70706,1
31835,70709,1
31839,70713,1
31841,70715,1
31843,70717,1
31844,70718,1
31846,70720,1
31854,70728,1
31857,70731,1
31858,70732,1
31860,70734,1
31861,70735,1
31862,70736,1
31864,70738,1
31865,70739,1
31866,70740,1
31867,70741,1
31868,70742,1
31869,70743,1
31870,70744,1
31871,70745,1
31872,70746,1
31873,70747,1
31875,70749,1
31879,70753,1
31881,70755,1
31882,70756,1
31883,70757,1
31884,70758,1
31886,70760,1
31887,70761,1
31889,70763,1
31890,70764,1
31891,70765,1
31892,70766,1
31893,70767,1
31894,70768,1
31895,70769,1
31896,70770,1
31897,70771,1
31898,70772,1
31899,70773,1
31900,70774,1
31901,70775,1
31902,70776,1
31903,70777,1
31904,70778,1
31905,70779,1
31908,70782,1
31911,70785,1
31915,70787,1
31917,70789,1
31918,70790,1
31921,70793,1
31923,70795,1
31924,70796,1
31926,70798,1
31927,70799,1
31928,70800,1
31929,70801,1
31930,70802,1
31931,70803,1
31932,70804,1
31934,70806,1
31936,70808,1
31937,70809,1
31939,70811,1
31941,70813,1
31942,70814,1
31944,70816,1
31946,70818,1
31948,70820,1
31950,70822,1
31951,70823,1
31953,70825,1
31955,70827,1
31956,70828,1
31959,70831,1
31961,70833,1
31967,70839,1
31968,70840,1
31969,70841,1
31970,70842,1
31973,70845,1
31975,70847,1
31977,70849,1
31979,70851,1
31980,70852,1
31981,70853,1
31982,70854,1
31983,70855,1
31984,70856,1
31986,70858,1
31987,70859,1
31988,70860,1
31989,70861,1
31990,70862,1
31994,70864,1
31996,70866,1
31997,70867,1
32001,70871,1
32009,70879,1
32012,70882,1
32013,70883,1
32014,70884,1
32015,70885,1
32016,70886,1
32018,70888,1
32019,70889,1
32021,70891,1
32022,70892,1
32023,70893,1
32024,70894,1
32025,70895,1
32026,70896,1
32027,70897,1
32028,70898,1
32029,70899,1
32030,70900,1
32031,70901,1
32032,70902,1
32036,70904,1
32037,70905,1
32038,70906,1
32039,70907,1
32040,70908,1
32041,70909,1
32042,70910,1
32043,70911,1
32044,70912,1
32045,70913,1
32046,70914,1
32047,70915,1
32048,70916,1
32049,70917,1
32050,70918,1
32052,70920,1
32053,70921,1
32054,70922,1
32055,70923,1
32056,70924,1
32057,70925,1
32058,70926,1
32059,70927,1
32060,70928,1
32061,70929,1
32062,70930,1
32069,70937,1
32071,70939,1
32072,70940,1
32073,70941,1
32074,70942,1
32075,70943,1
32076,70944,1
32077,70945,1
32078,70946,1
32079,70947,1
32080,70948,1
32091,70959,1
32092,70960,1
32101,70969,1
32102,70970,1
32103,70971,1
32104,70972,1
32105,70973,1
32109,70975,1
32110,70976,1
32111,70977,1
32112,70978,1
32114,70980,1
32118,70984,1
32119,70985,1
32121,70987,1
32126,70992,1
32128,70994,1
32129,70995,1
32130,70996,1
32131,70997,1
32132,70998,1
32133,70999,1
32134,71000,1
32135,71001,1
32136,71002,1
32137,71003,1
32138,71004,1
32140,71006,1
32141,71007,1
32142,71008,1
32143,71009,1
32144,71010,1
32145,71011,1
32146,71012,1
32147,71013,1
32148,71014,1
32151,71017,1
32152,71018,1
32153,71019,1
32154,71020,1
32155,71021,1
32156,71022,1
32157,71023,1
32158,71024,1
32159,71025,1
32160,71026,1
32161,71027,1
32162,71028,1
32163,71029,1
32164,71030,1
32165,71031,1
32171,71037,1
32173,71039,1
32174,71040,1
32176,71042,1
32177,71043,1
32178,71044,1
32179,71045,1
32180,71046,1
32181,71047,1
32183,71049,1
32186,71052,1
32188,71054,1
32189,71055,1
32190,71056,1
32191,71057,1
32192,71058,1
32195,71061,1
32197,71063,1
32199,71065,1
32200,71066,1
32201,71067,1
32202,71068,1
32203,71069,1
32204,71070,1
32205,71071,1
32209,71073,1
32210,71074,1
32211,71075,1
32212,71076,1
32213,71077,1
32215,71079,1
32216,71080,1
32217,71081,1
32218,71082,1
32219,71083,1
32220,71084,1
32223,71087,1
32224,71088,1
32225,71089,1
32226,71090,1
32228,71092,1
32229,71093,1
32230,71094,1
32231,71095,1
32232,71096,1
32233,71097,1
32234,71098,1
32235,71099,1
32236,71100,1
32237,71101,1
32240,71104,1
32242,71106,1
32243,71107,1
32244,71108,1
32249,71113,1
32251,71115,1
32252,71116,1
32253,71117,1
32254,71118,1
32255,71119,1
32256,71120,1
32257,71121,1
32258,71122,1
32259,71123,1
32260,71124,1
32261,71125,1
32262,71126,1
32263,71127,1
32264,71128,1
32265,71129,1
32266,71130,1
32267,71131,1
32268,71132,1
32269,71133,1
32270,71134,1
32271,71135,1
32274,71138,1
32277,71141,1
32281,71145,1
32283,71147,1
32285,71149,1
32288,71152,1
32289,71153,1
32290,71154,1
32294,71158,1
32296,71160,1
32298,71162,1
32300,71164,1
32301,71165,1
32302,71166,1
32304,71168,1
32307,71171,1
32308,71172,1
32313,71177,1
32315,71179,1
32316,71180,1
32317,71181,1
32322,71186,1
32323,71187,1
32324,71188,1
32325,71189,1
32326,71190,1
32327,71191,1
32328,71192,1
32329,71193,1
32330,71194,1
32331,71195,1
32332,71196,1
32333,71197,1
32334,71198,1
32335,71199,1
32336,71200,1
32338,71202,1
32339,71203,1
32340,71204,1
32341,71205,1
32342,71206,1
32344,71208,1
32346,71210,1
32348,71212,1
32349,71213,1
32350,71214,1
32351,71215,1
32356,71220,1
32357,71221,1
32358,71222,1
32359,71223,1
32360,71224,1
32361,71225,1
32362,71226,1
32363,71227,1
32364,71228,1
32365,71229,1
32369,71231,1
32370,71232,1
32371,71233,1
32375,71235,1
32376,71236,1
32377,71237,1
32379,71239,1
32380,71240,1
32385,71245,1
32387,71247,1
32389,71249,1
32393,71251,1
32395,71253,1
32396,71254,1
32400,71258,1
32403,71261,1
32404,71262,1
32405,71263,1
32407,71265,1
32410,71268,1
32412,71270,1
32413,71271,1
32415,71273,1
32416,71274,1
32417,71275,1
32419,71277,1
32421,71279,1
32422,71280,1
32423,71281,1
32427,71285,1
32429,71287,1
32431,71289,1
32432,71290,1
32433,71291,1
32434,71292,1
32435,71293,1
32436,71294,1
32439,71297,1
32440,71298,1
32441,71299,1
32444,71302,1
32445,71303,1
32446,71304,1
32447,71305,1
32448,71306,1
32449,71307,1
32451,71309,1
32453,71311,1
32454,71312,1
32457,71315,1
32459,71317,1
32463,71321,1
32464,71322,1
32465,71323,1
32468,71326,1
32469,71327,1
32470,71328,1
32471,71329,1
32473,71331,1
32475,71333,1
32488,71346,1
32489,71347,1
32490,71348,1
32491,71349,1
32492,71350,1
32493,71351,1
32494,71352,1
32495,71353,1
32496,71354,1
32498,71356,1
32502,71358,1
32503,71359,1
32505,71361,1
32516,71372,1
32518,71374,1
32519,71375,1
32520,71376,1
32521,71377,1
32522,71378,1
32524,71380,1
32526,71382,1
32528,71384,1
32530,71386,1
32535,71391,1
32536,71392,1
32537,71393,1
32538,71394,1
32539,71395,1
32540,71396,1
32541,71397,1
32542,71398,1
32543,71399,1
32544,71400,1
32546,71402,1
32547,71403,1
32553,71409,1
32554,71410,1
32555,71411,1
32556,71412,1
32558,71414,1
32559,71415,1
32561,71417,1
32562,71418,1
32564,71420,1
32565,71421,1
32566,71422,1
32568,71424,1
32570,71426,1
32573,71429,1
32575,71431,1
32576,71432,1
32577,71433,1
32578,71434,1
32579,71435,1
32580,71436,1
32581,71437,1
32582,71438,1
32583,71439,1
32584,71440,1
32585,71441,1
32587,71443,1
32588,71444,1
32590,71446,1
32591,71447,1
32592,71448,1
32595,71451,1
32596,71452,1
32597,71453,1
32598,71454,1
32599,71455,1
32600,71456,1
32602,71458,1
32603,71459,1
32605,71461,1
32606,71462,1
32607,71463,1
32608,71464,1
32609,71465,1
32610,71466,1
32611,71467,1
32612,71468,1
32614,71470,1
32616,71472,1
32618,71474,1
32621,71477,1
32624,71480,1
32625,71481,1
32626,71482,1
32627,71483,1
32628,71484,1
32629,71485,1
32630,71486,1
32631,71487,1
32632,71488,1
32633,71489,1
32634,71490,1
32635,71491,1
32636,71492,1
32637,71493,1
32638,71494,1
32641,71497,1
32642,71498,1
32643,71499,1
32644,71500,1
32645,71501,1
32646,71502,1
32647,71503,1
32648,71504,1
32649,71505,1
32650,71506,1
32651,71507,1
32652,71508,1
32653,71509,1
32654,71510,1
32655,71511,1
32656,71512,1
32657,71513,1
32660,71516,1
32661,71517,1
32665,71521,1
32666,71522,1
32668,71524,1
32669,71525,1
32671,71527,1
32674,71530,1
32676,71532,1
32677,71533,1
32681,71537,1
32683,71539,1
32684,71540,1
32685,71541,1
32686,71542,1
32688,71544,1
32692,71548,1
32694,71550,1
32697,71553,1
32702,71558,1
32705,71561,1
32706,71562,1
32707,71563,1
32708,71564,1
32709,71565,1
32710,71566,1
32711,71567,1
32715,71571,1
32716,71572,1
32717,71573,1
32718,71574,1
32720,71576,1
32722,71578,1
32725,71581,1
32726,71582,1
32727,71583,1
32728,71584,1
32729,71585,1
32730,71586,1
32731,71587,1
32732,71588,1
32733,71589,1
32734,71590,1
32735,71591,1
32736,71592,1
32737,71593,1
32738,71594,1
32745,71601,1
32746,71602,1
32747,71603,1
32755,71611,1
32756,71612,1
32758,71614,1
32760,71616,1
32761,71617,1
32763,71619,1
32765,71621,1
32768,71624,1
32770,71626,1
32773,71629,1
32774,71630,1
32775,71631,1
32777,71633,1
32778,71634,1
32779,71635,1
32780,71636,1
32781,71637,1
32782,71638,1
32783,71639,1
32784,71640,1
32785,71641,1
32786,71642,1
32788,71644,1
32790,71646,1
32791,71647,1
32793,71649,1
32796,71652,1
32797,71653,1
32798,71654,1
32799,71655,1
32800,71656,1
32801,71657,1
32805,71661,1
32807,71663,1
32809,71665,1
32812,71668,1
32813,71669,1
32814,71670,1
32816,71672,1
32820,71676,1
32821,71677,1
32822,71678,1
32825,71681,1
32826,71682,1
32827,71683,1
32829,71685,1
32830,71686,1
32831,71687,1
32832,71688,1
32838,71692,1
32839,71693,1
32840,71694,1
32841,71695,1
32842,71696,1
32843,71697,1
32844,71698,1
32845,71699,1
32846,71700,1
32847,71701,1
32848,71702,1
32850,71704,1
32851,71705,1
32852,71706,1
32854,71708,1
32855,71709,1
32856,71710,1
32858,71712,1
32860,71714,1
32861,71715,1
32862,71716,1
32863,71717,1
32864,71718,1
32865,71719,1
32866,71720,1
32867,71721,1
32869,71723,1
32870,71724,1
32875,71729,1
32876,71730,1
32877,71731,1
32879,71733,1
32880,71734,1
32882,71736,1
32883,71737,1
32884,71738,1
32885,71739,1
32886,71740,1
32887,71741,1
32888,71742,1
32889,71743,1
32890,71744,1
32891,71745,1
32892,71746,1
32895,71749,1
32899,71751,1
32900,71752,1
32901,71753,1
32906,71758,1
32907,71759,1
32908,71760,1
32909,71761,1
32910,71762,1
32912,71764,1
32913,71765,1
32914,71766,1
32915,71767,1
32916,71768,1
32917,71769,1
32918,71770,1
32919,71771,1
32920,71772,1
32921,71773,1
32922,71774,1
32923,71775,1
32924,71776,1
32925,71777,1
32926,71778,1
32927,71779,1
32928,71780,1
32929,71781,1
32930,71782,1
32931,71783,1
32932,71784,1
32934,71786,1
32936,71788,1
32939,71791,1
32940,71792,1
32944,71796,1
32945,71797,1
32946,71798,1
32948,71800,1
32949,71801,1
32950,71802,1
32951,71803,1
32952,71804,1
32953,71805,1
32954,71806,1
32955,71807,1
32956,71808,1
32957,71809,1
32958,71810,1
32959,71811,1
32960,71812,1
32961,71813,1
32962,71814,1
32963,71815,1
32964,71816,1
32968,71820,1
32973,71825,1
32974,71826,1
32975,71827,1
32976,71828,1
32982,71834,1
32984,71836,1
32988,71840,1
32989,71841,1
32990,71842,1
32991,71843,1
32992,71844,1
32996,71848,1
32997,71849,1
32998,71850,1
32999,71851,1
33000,71852,1
33001,71853,1
33002,71854,1
33006,71856,1
33007,71857,1
33008,71858,1
33009,71859,1
33010,71860,1
33011,71861,1
33012,71862,1
33013,71863,1
33014,71864,1
33015,71865,1
33016,71866,1
33017,71867,1
33018,71868,1
33019,71869,1
33020,71870,1
33021,71871,1
33022,71872,1
33023,71873,1
33024,71874,1
33025,71875,1
33029,71877,1
33031,71879,1
33037,71885,1
33038,71886,1
33039,71887,1
33040,71888,1
33042,71890,1
33043,71891,1
33044,71892,1
33045,71893,1
33047,71895,1
33048,71896,1
33049,71897,1
33050,71898,1
33051,71899,1
33052,71900,1
33053,71901,1
33054,71902,1
33056,71904,1
33057,71905,1
33058,71906,1
33059,71907,1
33060,71908,1
33061,71909,1
33063,71911,1
33064,71912,1
33065,71913,1
33066,71914,1
33067,71915,1
33068,71916,1
33070,71918,1
33073,71921,1
33074,71922,1
33075,71923,1
33076,71924,1
33077,71925,1
33078,71926,1
33079,71927,1
33086,71934,1
33092,71940,1
33093,71941,1
33094,71942,1
33095,71943,1
33096,71944,1
33097,71945,1
33098,71946,1
33100,71948,1
33102,71950,1
33103,71951,1
33104,71952,1
33108,71956,1
33109,71957,1
33110,71958,1
33111,71959,1
33112,71960,1
33113,71961,1
33114,71962,1
33115,71963,1
33116,71964,1
33117,71965,1
33118,71966,1
33121,71969,1
33122,71970,1
33124,71972,1
33128,71976,1
33133,71981,1
33135,71983,1
33136,71984,1
33137,71985,1
33138,71986,1
33140,71988,1
33141,71989,1
33143,71991,1
33146,71994,1
33148,71996,1
33149,71997,1
33150,71998,1
33151,71999,1
33153,72001,1
33154,72002,1
33156,72004,1
33160,72008,1
33163,72011,1
33164,72012,1
33165,72013,1
33169,72017,1
33170,72018,1
33171,72019,1
33172,72020,1
33173,72021,1
33174,72022,1
33175,72023,1
33176,72024,1
33177,72025,1
33178,72026,1
33180,72028,1
33184,72032,1
33186,72034,1
33188,72036,1
33189,72037,1
33190,72038,1
33192,72040,1
33195,72043,1
33197,72045,1
33201,72049,1
33202,72050,1
33203,72051,1
33205,72053,1
33206,72054,1
33207,72055,1
33208,72056,1
33209,72057,1
33211,72059,1
33212,72060,1
33213,72061,1
33214,72062,1
33215,72063,1
33216,72064,1
33217,72065,1
33221,72067,1
33227,72073,1
33230,72076,1
33232,72078,1
33234,72080,1
33235,72081,1
33239,72085,1
33243,72087,1
33244,72088,1
33245,72089,1
33246,72090,1
33248,72092,1
33252,72096,1
33253,72097,1
33255,72099,1
33256,72100,1
33257,72101,1
33258,72102,1
33259,72103,1
33260,72104,1
33261,72105,1
33262,72106,1
33263,72107,1
33264,72108,1
33265,72109,1
33266,72110,1
33267,72111,1
33268,72112,1
33269,72113,1
33270,72114,1
33271,72115,1
33272,72116,1
33276,72118,1
33280,72122,1
33281,72123,1
33283,72125,1
33285,72127,1
33286,72128,1
33288,72130,1
33290,72132,1
33295,72137,1
33299,72141,1
33303,72145,1
33304,72146,1
33305,72147,1
33306,72148,1
33307,72149,1
33308,72150,1
33309,72151,1
33314,72156,1
33315,72157,1
33317,72159,1
33318,72160,1
33319,72161,1
33320,72162,1
33321,72163,1
33322,72164,1
33323,72165,1
33324,72166,1
33326,72168,1
33329,72171,1
33332,72172,1
33333,72173,1
33334,72174,1
33335,72175,1
33337,72177,1
33338,72178,1
33339,72179,1
33340,72180,1
33342,72182,1
33343,72183,1
33344,72184,1
33346,72186,1
33347,72187,1
33348,72188,1
33350,72190,1
33352,72192,1
33357,72197,1
33361,72201,1
33362,72202,1
33367,72207,1
33369,72209,1
33370,72210,1
33371,72211,1
33378,72216,1
33379,72217,1
33380,72218,1
33381,72219,1
33382,72220,1
33383,72221,1
33387,72225,1
33388,72226,1
33389,72227,1
33390,72228,1
33394,72232,1
33395,72233,1
33396,72234,1
33397,72235,1
33398,72236,1
33399,72237,1
33400,72238,1
33401,72239,1
33402,72240,1
33405,72243,1
33406,72244,1
33407,72245,1
33409,72247,1
33410,72248,1
33412,72250,1
33414,72252,1
33415,72253,1
33417,72255,1
33418,72256,1
33420,72258,1
33422,72260,1
33423,72261,1
33424,72262,1
33425,72263,1
33426,72264,1
33428,72266,1
33430,72268,1
33431,72269,1
33432,72270,1
33435,72273,1
33436,72274,1
33437,72275,1
33439,72277,1
33440,72278,1
33446,72284,1
33448,72286,1
33450,72288,1
33454,72292,1
33459,72297,1
33461,72299,1
33462,72300,1
33465,72303,1
33466,72304,1
33468,72306,1
33469,72307,1
33470,72308,1
33473,72311,1
33474,72312,1
33475,72313,1
33483,72321,1
33484,72322,1
33486,72324,1
33490,72328,1
33492,72330,1
33493,72331,1
33497,72335,1
33499,72337,1
33500,72338,1
33501,72339,1
33502,72340,1
33504,72342,1
33506,72344,1
33507,72345,1
33508,72346,1
33509,72347,1
33512,72350,1
33513,72351,1
33521,72359,1
33522,72360,1
33523,72361,1
33524,72362,1
33525,72363,1
33526,72364,1
33527,72365,1
33528,72366,1
33529,72367,1
33530,72368,1
33531,72369,1
33532,72370,1
33533,72371,1
33535,72373,1
33539,72377,1
33540,72378,1
33541,72379,1
33542,72380,1
33543,72381,1
33546,72384,1
33547,72385,1
33549,72387,1
33553,72391,1
33554,72392,1
33556,72394,1
33558,72396,1
33560,72398,1
33562,72400,1
33563,72401,1
33564,72402,1
33565,72403,1
33572,72410,1
33573,72411,1
33574,72412,1
33575,72413,1
33577,72415,1
33578,72416,1
33579,72417,1
33580,72418,1
33586,72424,1
33587,72425,1
33588,72426,1
33589,72427,1
33590,72428,1
33591,72429,1
33593,72431,1
33595,72433,1
33596,72434,1
33597,72435,1
33599,72437,1
33600,72438,1
33601,72439,1
33605,72443,1
33610,72448,1
33612,72450,1
33614,72452,1
33615,72453,1
33619,72457,1
33621,72459,1
33622,72460,1
33623,72461,1
33626,72464,1
33628,72466,1
33631,72469,1
33636,72474,1
33638,72476,1
33639,72477,1
33640,72478,1
33641,72479,1
33642,72480,1
33643,72481,1
33644,72482,1
33645,72483,1
33646,72484,1
33649,72487,1
33655,72493,1
33656,72494,1
33657,72495,1
33658,72496,1
33659,72497,1
33660,72498,1
33661,72499,1
33662,72500,1
33663,72501,1
33664,72502,1
33665,72503,1
33666,72504,1
33667,72505,1
33670,72508,1
33671,72509,1
33672,72510,1
33677,72515,1
33678,72516,1
33679,72517,1
33680,72518,1
33681,72519,1
33682,72520,1
33683,72521,1
33685,72523,1
33687,72525,1
33688,72526,1
33691,72527,1
33692,72528,1
33693,72529,1
33694,72530,1
33695,72531,1
33696,72532,1
33697,72533,1
33698,72534,1
33699,72535,1
33700,72536,1
33702,72538,1
33703,72539,1
33704,72540,1
33706,72542,1
33707,72543,1
33709,72545,1
33711,72547,1
33712,72548,1
33713,72549,1
33715,72551,1
33716,72552,1
33717,72553,1
33718,72554,1
33719,72555,1
33720,72556,1
33721,72557,1
33722,72558,1
33723,72559,1
33724,72560,1
33725,72561,1
33726,72562,1
33727,72563,1
33728,72564,1
33732,72568,1
33733,72569,1
33737,72571,1
33738,72572,1
33739,72573,1
33741,72575,1
33742,72576,1
33743,72577,1
33744,72578,1
33745,72579,1
33746,72580,1
33747,72581,1
33749,72583,1
33750,72584,1
33751,72585,1
33752,72586,1
33753,72587,1
33755,72589,1
33756,72590,1
33757,72591,1
33759,72593,1
33760,72594,1
33761,72595,1
33762,72596,1
33763,72597,1
33764,72598,1
33765,72599,1
33770,72604,1
33773,72607,1
33774,72608,1
33776,72610,1
33778,72612,1
33779,72613,1
33780,72614,1
33781,72615,1
33784,72618,1
33786,72620,1
33788,72622,1
33790,72624,1
33792,72626,1
33793,72627,1
33794,72628,1
33795,72629,1
33798,72632,1
33800,72634,1
33801,72635,1
33802,72636,1
33804,72638,1
33807,72639,1
33808,72640,1
33809,72641,1
33810,72642,1
33811,72643,1
33816,72648,1
33817,72649,1
33818,72650,1
33819,72651,1
33820,72652,1
33821,72653,1
33822,72654,1
33823,72655,1
33824,72656,1
33825,72657,1
33826,72658,1
33827,72659,1
33828,72660,1
33829,72661,1
33830,72662,1
33831,72663,1
33833,72665,1
33834,72666,1
33836,72668,1
33837,72669,1
33838,72670,1
33841,72673,1
33844,72676,1
33845,72677,1
33849,72681,1
33850,72682,1
33851,72683,1
33858,72686,1
33859,72687,1
33864,72690,1
33866,72692,1
33867,72693,1
33869,72695,1
33870,72696,1
33871,72697,1
33872,72698,1
33873,72699,1
33874,72700,1
33875,72701,1
33876,72702,1
33877,72703,1
33879,72705,1
33880,72706,1
33881,72707,1
33883,72709,1
33884,72710,1
33885,72711,1
33886,72712,1
33887,72713,1
33888,72714,1
33889,72715,1
33890,72716,1
33891,72717,1
33892,72718,1
33893,72719,1
33895,72721,1
33897,72723,1
33898,72724,1
33900,72726,1
33904,72730,1
33905,72731,1
33906,72732,1
33907,72733,1
33908,72734,1
33910,72736,1
33912,72738,1
33917,72743,1
33918,72744,1
33919,72745,1
33920,72746,1
33921,72747,1
33922,72748,1
33924,72750,1
33926,72752,1
33928,72754,1
33929,72755,1
33930,72756,1
33932,72758,1
33934,72760,1
33935,72761,1
33936,72762,1
33937,72763,1
33938,72764,1
33939,72765,1
33940,72766,1
33941,72767,1
33944,72768,1
33945,72769,1
33946,72770,1
33947,72771,1
33948,72772,1
33949,72773,1
33950,72774,1
33951,72775,1
33952,72776,1
33953,72777,1
33954,72778,1
33957,72781,1
33959,72783,1
33963,72786,1
33965,72787,1
33967,72789,1
33969,72791,1
33971,72793,1
33978,72800,1
33980,72802,1
33981,72803,1
33982,72804,1
33983,72805,1
33984,72806,1
33985,72807,1
33986,72808,1
33990,72812,1
33991,72813,1
33992,72814,1
33993,72815,1
33994,72816,1
33995,72817,1
33996,72818,1
33997,72819,1
33998,72820,1
33999,72821,1
34000,72822,1
34001,72823,1
34002,72824,1
34004,72826,1
34006,72828,1
34007,72829,1
34009,72831,1
34011,72833,1
34012,72834,1
34013,72835,1
34014,72836,1
34015,72837,1
34018,72840,1
34020,72842,1
34025,72847,1
34026,72848,1
34027,72849,1
34028,72850,1
34029,72851,1
34030,72852,1
34031,72853,1
34033,72855,1
34034,72856,1
34035,72857,1
34036,72858,1
34037,72859,1
34039,72861,1
34040,72862,1
34041,72863,1
34042,72864,1
34044,72866,1
34045,72867,1
34046,72868,1
34047,72869,1
34048,72870,1
34049,72871,1
34050,72872,1
34051,72873,1
34052,72874,1
34053,72875,1
34054,72876,1
34055,72877,1
34057,72879,1
34059,72881,1
34060,72882,1
34061,72883,1
34062,72884,1
34064,72886,1
34066,72888,1
34067,72889,1
34070,72892,1
34071,72893,1
34072,72894,1
34073,72895,1
34074,72896,1
34075,72897,1
34076,72898,1
34077,72899,1
34078,72900,1
34079,72901,1
34080,72902,1
34081,72903,1
34082,72904,1
34083,72905,1
34084,72906,1
34085,72907,1
34087,72909,1
34089,72911,1
34095,72917,1
34097,72919,1
34101,72923,1
34102,72924,1
34105,72927,1
34106,72928,1
34111,72931,1
34112,72932,1
34113,72933,1
34115,72935,1
34116,72936,1
34117,72937,1
34118,72938,1
34119,72939,1
34122,72940,1
34123,72941,1
34124,72942,1
34125,72943,1
34126,72944,1
34127,72945,1
34129,72947,1
34131,72949,1
34133,72951,1
34135,72953,1
34138,72956,1
34139,72957,1
34140,72958,1
34141,72959,1
34142,72960,1
34143,72961,1
34144,72962,1
34146,72964,1
34148,72966,1
34149,72967,1
34150,72968,1
34151,72969,1
34152,72970,1
34153,72971,1
34154,72972,1
34155,72973,1
34156,72974,1
34157,72975,1
34158,72976,1
34162,72980,1
34163,72981,1
34166,72982,1
34167,72983,1
34168,72984,1
34169,72985,1
34172,72988,1
34173,72989,1
34175,72991,1
34176,72992,1
34177,72993,1
34178,72994,1
34179,72995,1
34180,72996,1
34181,72997,1
34182,72998,1
34183,72999,1
34184,73000,1
34185,73001,1
34186,73002,1
34187,73003,1
34188,73004,1
34189,73005,1
34191,73007,1
34193,73009,1
34194,73010,1
34196,73012,1
34198,73014,1
34199,73015,1
34201,73017,1
34202,73018,1
34203,73019,1
34204,73020,1
34205,73021,1
34206,73022,1
34207,73023,1
34208,73024,1
34210,73026,1
34212,73028,1
34213,73029,1
34215,73031,1
34216,73032,1
34217,73033,1
34218,73034,1
34219,73035,1
34220,73036,1
34222,73038,1
34224,73040,1
34225,73041,1
34227,73043,1
34229,73045,1
34231,73047,1
34232,73048,1
34235,73051,1
34236,73052,1
34238,73054,1
34239,73055,1
34243,73059,1
34244,73060,1
34247,73063,1
34248,73064,1
34249,73065,1
34250,73066,1
34251,73067,1
34252,73068,1
34253,73069,1
34256,73070,1
34264,73078,1
34265,73079,1
34266,73080,1
34267,73081,1
34268,73082,1
34269,73083,1
34273,73087,1
34275,73089,1
34276,73090,1
34277,73091,1
34278,73092,1
34279,73093,1
34280,73094,1
34283,73095,1
34284,73096,1
34285,73097,1
34286,73098,1
34291,73101,1
34292,73102,1
34295,73105,1
34297,73107,1
34299,73109,1
34304,73111,1
34307,73112,1
34308,73113,1
34310,73115,1
34312,73117,1
34314,73119,1
34315,73120,1
34322,73127,1
34325,73130,1
34326,73131,1
34331,73136,1
34334,73139,1
34336,73141,1
34338,73143,1
34340,73145,1
34341,73146,1
34342,73147,1
34347,73152,1
34348,73153,1
34349,73154,1
34350,73155,1
34351,73156,1
34352,73157,1
34354,73159,1
34358,73163,1
34359,73164,1
34373,73178,1
34375,73180,1
34376,73181,1
34377,73182,1
34378,73183,1
34379,73184,1
34380,73185,1
34381,73186,1
34382,73187,1
34383,73188,1
34384,73189,1
34385,73190,1
34386,73191,1
34387,73192,1
34389,73194,1
34390,73195,1
34391,73196,1
34392,73197,1
34393,73198,1
34394,73199,1
34395,73200,1
34396,73201,1
34397,73202,1
34398,73203,1
34402,73205,1
34403,73206,1
34406,73209,1
34407,73210,1
34409,73212,1
34411,73214,1
34412,73215,1
34416,73219,1
34419,73222,1
34421,73224,1
34423,73226,1
34427,73230,1
34429,73232,1
34430,73233,1
34431,73234,1
34433,73236,1
34435,73238,1
34436,73239,1
34437,73240,1
34439,73242,1
34441,73244,1
34442,73245,1
34443,73246,1
34445,73248,1
34446,73249,1
34448,73251,1
34449,73252,1
34450,73253,1
34451,73254,1
34452,73255,1
34453,73256,1
34454,73257,1
34455,73258,1
34456,73259,1
34458,73261,1
34459,73262,1
34460,73263,1
34461,73264,1
34462,73265,1
34463,73266,1
34464,73267,1
34465,73268,1
34466,73269,1
34467,73270,1
34468,73271,1
34473,73276,1
34480,73283,1
34481,73284,1
34482,73285,1
34483,73286,1
34484,73287,1
34485,73288,1
34486,73289,1
34487,73290,1
34492,73295,1
34495,73298,1
34496,73299,1
34497,73300,1
34498,73301,1
34500,73303,1
34501,73304,1
34503,73306,1
34505,73308,1
34509,73312,1
34510,73313,1
34514,73317,1
34515,73318,1
34516,73319,1
34517,73320,1
34518,73321,1
34519,73322,1
34520,73323,1
34521,73324,1
34522,73325,1
34523,73326,1
34527,73328,1
34528,73329,1
34536,73337,1
34537,73338,1
34539,73340,1
34540,73341,1
34541,73342,1
34542,73343,1
34543,73344,1
34544,73345,1
34545,73346,1
34549,73350,1
34550,73351,1
34552,73353,1
34554,73355,1
34555,73356,1
34556,73357,1
34557,73358,1
34558,73359,1
34560,73361,1
34561,73362,1
34562,73363,1
34564,73365,1
34566,73367,1
34570,73371,1
34571,73372,1
34573,73374,1
34574,73375,1
34576,73377,1
34578,73379,1
34579,73380,1
34580,73381,1
34582,73383,1
34583,73384,1
34584,73385,1
34585,73386,1
34586,73387,1
34589,73390,1
34590,73391,1
34591,73392,1
34592,73393,1
34594,73395,1
34595,73396,1
34596,73397,1
34597,73398,1
34599,73400,1
34600,73401,1
34601,73402,1
34602,73403,1
34603,73404,1
34605,73406,1
34606,73407,1
34607,73408,1
34608,73409,1
34610,73411,1
34611,73412,1
34612,73413,1
34613,73414,1
34614,73415,1
34615,73416,1
34616,73417,1
34617,73418,1
34618,73419,1
34619,73420,1
34620,73421,1
34627,73426,1
34628,73427,1
34629,73428,1
34633,73432,1
34635,73434,1
34637,73436,1
34639,73438,1
34641,73440,1
34643,73442,1
34647,73446,1
34648,73447,1
34649,73448,1
34651,73450,1
34652,73451,1
34654,73453,1
34655,73454,1
34656,73455,1
34657,73456,1
34658,73457,1
34660,73459,1
34663,73462,1
34664,73463,1
34665,73464,1
34669,73468,1
34670,73469,1
34673,73472,1
34674,73473,1
34677,73476,1
34678,73477,1
34680,73479,1
34681,73480,1
34682,73481,1
34683,73482,1
34684,73483,1
34685,73484,1
34686,73485,1
34688,73487,1
34689,73488,1
34690,73489,1
34691,73490,1
34692,73491,1
34693,73492,1
34694,73493,1
34695,73494,1
34696,73495,1
34699,73498,1
34700,73499,1
34701,73500,1
34702,73501,1
34704,73503,1
34705,73504,1
34706,73505,1
34707,73506,1
34711,73510,1
34712,73511,1
34720,73519,1
34724,73523,1
34728,73527,1
34729,73528,1
34730,73529,1
34731,73530,1
34732,73531,1
34733,73532,1
34734,73533,1
34735,73534,1
34736,73535,1
34737,73536,1
34738,73537,1
34741,73540,1
34742,73541,1
34744,73543,1
34745,73544,1
34746,73545,1
34749,73548,1
34751,73550,1
34752,73551,1
34753,73552,1
34755,73554,1
34771,73570,1
34772,73571,1
34773,73572,1
34774,73573,1
34775,73574,1
34776,73575,1
34777,73576,1
34778,73577,1
34779,73578,1
34780,73579,1
34781,73580,1
34782,73581,1
34783,73582,1
34784,73583,1
34785,73584,1
34786,73585,1
34787,73586,1
34788,73587,1
34789,73588,1
34790,73589,1
34791,73590,1
34792,73591,1
34793,73592,1
34797,73596,1
34798,73597,1
34799,73598,1
34800,73599,1
34801,73600,1
34802,73601,1
34803,73602,1
34804,73603,1
34805,73604,1
34806,73605,1
34807,73606,1
34808,73607,1
34809,73608,1
34810,73609,1
34811,73610,1
34812,73611,1
34813,73612,1
34814,73613,1
34815,73614,1
34816,73615,1
34817,73616,1
34818,73617,1
34819,73618,1
34820,73619,1
34821,73620,1
34827,73626,1
34828,73627,1
34829,73628,1
34830,73629,1
34831,73630,1
34832,73631,1
34833,73632,1
34834,73633,1
34835,73634,1
34836,73635,1
34837,73636,1
34838,73637,1
34839,73638,1
34840,73639,1
34841,73640,1
34842,73641,1
34843,73642,1
34844,73643,1
34845,73644,1
34848,73647,1
34849,73648,1
34850,73649,1
34851,73650,1
34852,73651,1
34853,73652,1
34856,73655,1
34858,73657,1
34859,73658,1
34860,73659,1
34861,73660,1
34862,73661,1
34863,73662,1
34865,73664,1
34867,73666,1
34869,73668,1
34872,73671,1
34875,73674,1
34876,73675,1
34878,73677,1
34879,73678,1
34880,73679,1
34882,73681,1
34883,73682,1
34884,73683,1
34885,73684,1
34886,73685,1
34887,73686,1
34889,73688,1
34893,73692,1
34894,73693,1
34895,73694,1
34896,73695,1
34897,73696,1
34898,73697,1
34899,73698,1
34900,73699,1
34901,73700,1
34902,73701,1
34903,73702,1
34906,73705,1
34908,73707,1
34912,73711,1
34913,73712,1
34914,73713,1
34915,73714,1
34916,73715,1
34917,73716,1
34918,73717,1
34919,73718,1
34920,73719,1
34921,73720,1
34924,73723,1
34925,73724,1
34929,73728,1
34931,73730,1
34932,73731,1
34933,73732,1
34934,73733,1
34935,73734,1
34937,73736,1
34939,73738,1
34942,73741,1
34944,73743,1
34947,73746,1
34948,73747,1
34949,73748,1
34954,73753,1
34955,73754,1
34956,73755,1
34968,73767,1
34972,73771,1
34973,73772,1
34975,73774,1
34976,73775,1
34977,73776,1
34978,73777,1
34980,73779,1
34981,73780,1
34982,73781,1
34985,73784,1
34987,73786,1
34988,73787,1
34993,73790,1
34996,73793,1
34998,73795,1
34999,73796,1
35000,73797,1
35001,73798,1
35002,73799,1
35003,73800,1
35004,73801,1
35005,73802,1
35006,73803,1
35007,73804,1
35008,73805,1
35009,73806,1
35010,73807,1
35011,73808,1
35013,73810,1
35020,73817,1
35022,73819,1
35023,73820,1
35024,73821,1
35025,73822,1
35026,73823,1
35027,73824,1
35028,73825,1
35030,73827,1
35031,73828,1
35032,73829,1
35033,73830,1
35034,73831,1
35035,73832,1
35036,73833,1
35037,73834,1
35039,73836,1
35040,73837,1
35041,73838,1
35043,73840,1
35044,73841,1
35045,73842,1
35046,73843,1
35047,73844,1
35048,73845,1
35049,73846,1
35050,73847,1
35051,73848,1
35052,73849,1
35054,73851,1
35062,73859,1
35070,73867,1
35071,73868,1
35072,73869,1
35075,73872,1
35076,73873,1
35077,73874,1
35078,73875,1
35079,73876,1
35080,73877,1
35081,73878,1
35083,73880,1
35085,73882,1
35086,73883,1
35087,73884,1
35088,73885,1
35090,73887,1
35091,73888,1
35095,73890,1
35096,73891,1
35098,73893,1
35099,73894,1
35100,73895,1
35103,73898,1
35107,73902,1
35108,73903,1
35111,73906,1
35113,73908,1
35114,73909,1
35115,73910,1
35117,73912,1
35122,73917,1
35124,73919,1
35127,73922,1
35128,73923,1
35133,73928,1
35137,73930,1
35138,73931,1
35139,73932,1
35141,73934,1
35143,73936,1
35145,73938,1
35148,73941,1
35149,73942,1
35150,73943,1
35152,73945,1
35154,73947,1
35157,73950,1
35164,73957,1
35166,73959,1
35167,73960,1
35168,73961,1
35169,73962,1
35171,73964,1
35174,73967,1
35176,73969,1
35178,73971,1
35179,73972,1
35180,73973,1
35184,73977,1
35185,73978,1
35187,73980,1
35188,73981,1
35189,73982,1
35190,73983,1
35193,73986,1
35195,73988,1
35196,73989,1
35197,73990,1
35199,73992,1
35200,73993,1
35201,73994,1
35202,73995,1
35203,73996,1
35205,73998,1
35206,73999,1
35209,74002,1
35210,74003,1
35211,74004,1
35212,74005,1
35213,74006,1
35214,74007,1
35215,74008,1
35216,74009,1
35218,74011,1
35220,74013,1
35221,74014,1
35222,74015,1
35223,74016,1
35224,74017,1
35225,74018,1
35227,74020,1
35228,74021,1
35230,74023,1
35231,74024,1
35235,74028,1
35236,74029,1
35237,74030,1
35238,74031,1
35239,74032,1
35240,74033,1
35244,74037,1
35246,74039,1
35249,74042,1
35252,74045,1
35253,74046,1
35254,74047,1
35256,74049,1
35257,74050,1
35259,74052,1
35264,74057,1
35266,74059,1
35268,74061,1
35269,74062,1
35270,74063,1
35272,74065,1
35273,74066,1
35274,74067,1
35278,74071,1
35280,74073,1
35281,74074,1
35283,74076,1
35285,74078,1
35288,74081,1
35295,74088,1
35297,74090,1
35299,74092,1
35302,74095,1
35304,74097,1
35306,74099,1
35308,74101,1
35309,74102,1
35311,74104,1
35315,74108,1
35317,74110,1
35318,74111,1
35319,74112,1
35321,74114,1
35322,74115,1
35324,74117,1
35325,74118,1
35326,74119,1
35327,74120,1
35328,74121,1
35330,74123,1
35331,74124,1
35332,74125,1
35333,74126,1
35334,74127,1
35336,74129,1
35341,74134,1
35342,74135,1
35343,74136,1
35346,74139,1
35347,74140,1
35348,74141,1
35349,74142,1
35350,74143,1
35351,74144,1
35352,74145,1
35353,74146,1
35354,74147,1
35355,74148,1
35356,74149,1
35357,74150,1
35358,74151,1
35359,74152,1
35360,74153,1
35362,74155,1
35363,74156,1
35364,74157,1
35366,74159,1
35367,74160,1
35368,74161,1
35369,74162,1
35371,74164,1
35372,74165,1
35373,74166,1
35374,74167,1
35375,74168,1
35376,74169,1
35377,74170,1
35378,74171,1
35379,74172,1
35380,74173,1
35381,74174,1
35382,74175,1
35383,74176,1
35384,74177,1
35385,74178,1
35386,74179,1
35387,74180,1
35390,74183,1
35392,74185,1
35396,74189,1
35398,74191,1
35399,74192,1
35400,74193,1
35401,74194,1
35402,74195,1
35403,74196,1
35406,74199,1
35407,74200,1
35408,74201,1
35409,74202,1
35410,74203,1
35411,74204,1
35412,74205,1
35413,74206,1
35414,74207,1
35415,74208,1
35418,74211,1
35419,74212,1
35420,74213,1
35421,74214,1
35422,74215,1
35423,74216,1
35424,74217,1
35425,74218,1
35426,74219,1
35427,74220,1
35430,74221,1
35431,74222,1
35432,74223,1
35433,74224,1
35434,74225,1
35435,74226,1
35436,74227,1
35437,74228,1
35439,74230,1
35440,74231,1
35441,74232,1
35442,74233,1
35443,74234,1
35445,74236,1
35446,74237,1
35447,74238,1
35448,74239,1
35449,74240,1
35450,74241,1
35451,74242,1
35452,74243,1
35453,74244,1
35454,74245,1
35459,74250,1
35460,74251,1
35461,74252,1
35462,74253,1
35465,74256,1
35467,74258,1
35468,74259,1
35471,74262,1
35472,74263,1
35473,74264,1
35476,74267,1
35477,74268,1
35479,74270,1
35481,74272,1
35482,74273,1
35483,74274,1
35484,74275,1
35485,74276,1
35486,74277,1
35487,74278,1
35488,74279,1
35490,74281,1
35495,74286,1
35496,74287,1
35497,74288,1
35498,74289,1
35499,74290,1
35500,74291,1
35501,74292,1
35502,74293,1
35505,74296,1
35506,74297,1
35507,74298,1
35508,74299,1
35509,74300,1
35510,74301,1
35511,74302,1
35512,74303,1
35514,74305,1
35518,74309,1
35519,74310,1
35521,74312,1
35522,74313,1
35523,74314,1
35524,74315,1
35525,74316,1
35526,74317,1
35527,74318,1
35529,74320,1
35534,74325,1
35537,74328,1
35538,74329,1
35539,74330,1
35540,74331,1
35541,74332,1
35542,74333,1
35549,74340,1
35550,74341,1
35551,74342,1
35553,74344,1
35555,74346,1
35556,74347,1
35558,74349,1
35559,74350,1
35560,74351,1
35562,74353,1
35564,74355,1
35566,74357,1
35567,74358,1
35569,74360,1
35570,74361,1
35573,74364,1
35574,74365,1
35576,74367,1
35577,74368,1
35580,74371,1
35581,74372,1
35582,74373,1
35583,74374,1
35586,74377,1
35587,74378,1
35589,74380,1
35591,74382,1
35592,74383,1
35595,74386,1
35596,74387,1
35597,74388,1
35598,74389,1
35599,74390,1
35600,74391,1
35601,74392,1
35602,74393,1
35603,74394,1
35604,74395,1
35605,74396,1
35606,74397,1
35607,74398,1
35608,74399,1
35609,74400,1
35611,74402,1
35614,74405,1
35616,74407,1
35617,74408,1
35618,74409,1
35619,74410,1
35620,74411,1
35621,74412,1
35622,74413,1
35623,74414,1
35624,74415,1
35625,74416,1
35626,74417,1
35628,74419,1
35629,74420,1
35630,74421,1
35632,74423,1
35635,74426,1
35638,74429,1
35641,74430,1
35643,74432,1
35647,74436,1
35648,74437,1
35649,74438,1
35650,74439,1
35651,74440,1
35652,74441,1
35654,74443,1
35655,74444,1
35656,74445,1
35657,74446,1
35658,74447,1
35659,74448,1
35661,74450,1
35662,74451,1
35663,74452,1
35664,74453,1
35666,74455,1
35668,74457,1
35683,74472,1
35690,74479,1
35691,74480,1
35693,74482,1
35695,74484,1
35698,74487,1
35700,74489,1
35702,74491,1
35705,74494,1
35707,74496,1
35708,74497,1
35710,74499,1
35712,74501,1
35714,74503,1
35715,74504,1
35717,74506,1
35719,74508,1
35720,74509,1
35722,74511,1
35723,74512,1
35727,74516,1
35728,74517,1
35729,74518,1
35731,74520,1
35733,74522,1
35734,74523,1
35735,74524,1
35736,74525,1
35737,74526,1
35738,74527,1
35739,74528,1
35744,74533,1
35745,74534,1
35746,74535,1
35748,74537,1
35749,74538,1
35750,74539,1
35755,74544,1
35756,74545,1
35757,74546,1
35758,74547,1
35759,74548,1
35761,74550,1
35762,74551,1
35767,74556,1
35773,74562,1
35774,74563,1
35776,74565,1
35778,74567,1
35780,74569,1
35781,74570,1
35782,74571,1
35783,74572,1
35784,74573,1
35785,74574,1
35786,74575,1
35787,74576,1
35788,74577,1
35789,74578,1
35790,74579,1
35791,74580,1
35795,74582,1
35804,74591,1
35807,74594,1
35808,74595,1
35809,74596,1
35811,74598,1
35812,74599,1
35813,74600,1
35818,74605,1
35819,74606,1
35820,74607,1
35821,74608,1
35830,74617,1
35832,74619,1
35833,74620,1
35834,74621,1
35835,74622,1
35836,74623,1
35837,74624,1
35838,74625,1
35839,74626,1
35840,74627,1
35841,74628,1
35842,74629,1
35843,74630,1
35844,74631,1
35852,74639,1
35853,74640,1
35854,74641,1
35855,74642,1
35857,74644,1
35858,74645,1
35859,74646,1
35860,74647,1
35861,74648,1
35862,74649,1
35863,74650,1
35864,74651,1
35866,74653,1
35867,74654,1
35868,74655,1
35869,74656,1
35870,74657,1
35871,74658,1
35873,74660,1
35875,74662,1
35878,74665,1
35879,74666,1
35882,74669,1
35884,74671,1
35886,74673,1
35888,74675,1
35891,74678,1
35893,74680,1
35895,74682,1
35896,74683,1
35897,74684,1
35899,74686,1
35900,74687,1
35901,74688,1
35902,74689,1
35903,74690,1
35904,74691,1
35905,74692,1
35906,74693,1
35907,74694,1
35908,74695,1
35909,74696,1
35910,74697,1
35911,74698,1
35912,74699,1
35913,74700,1
35914,74701,1
35916,74703,1
35918,74705,1
35920,74707,1
35921,74708,1
35923,74710,1
35924,74711,1
35925,74712,1
35926,74713,1
35927,74714,1
35929,74716,1
35930,74717,1
35931,74718,1
35932,74719,1
35934,74721,1
35935,74722,1
35937,74724,1
35955,74742,1
35956,74743,1
35957,74744,1
35958,74745,1
35960,74747,1
35962,74749,1
35967,74754,1
35969,74756,1
35970,74757,1
35972,74759,1
35974,74761,1
35976,74763,1
35980,74767,1
35981,74768,1
35982,74769,1
35983,74770,1
35984,74771,1
35985,74772,1
35986,74773,1
35987,74774,1
35988,74775,1
35989,74776,1
35990,74777,1
35991,74778,1
35992,74779,1
35993,74780,1
35994,74781,1
35998,74785,1
36000,74787,1
36002,74789,1
36004,74791,1
36006,74793,1
36007,74794,1
36008,74795,1
36009,74796,1
36010,74797,1
36011,74798,1
36012,74799,1
36013,74800,1
36014,74801,1
36015,74802,1
36016,74803,1
36017,74804,1
36018,74805,1
36020,74807,1
36021,74808,1
36022,74809,1
36023,74810,1
36024,74811,1
36026,74813,1
36027,74814,1
36028,74815,1
36029,74816,1
36031,74818,1
36041,74828,1
36043,74830,1
36051,74838,1
36052,74839,1
36054,74841,1
36055,74842,1
36056,74843,1
36058,74845,1
36060,74847,1
36061,74848,1
36062,74849,1
36070,74855,1
36072,74857,1
36073,74858,1
36074,74859,1
36075,74860,1
36076,74861,1
36077,74862,1
36078,74863,1
36079,74864,1
36080,74865,1
36081,74866,1
36082,74867,1
36084,74869,1
36089,74874,1
36090,74875,1
36091,74876,1
36093,74878,1
36094,74879,1
36097,74882,1
36099,74884,1
36100,74885,1
36101,74886,1
36103,74888,1
36107,74892,1
36109,74894,1
36111,74896,1
36113,74898,1
36114,74899,1
36115,74900,1
36116,74901,1
36117,74902,1
36118,74903,1
36119,74904,1
36120,74905,1
36130,74915,1
36132,74917,1
36133,74918,1
36136,74921,1
36137,74922,1
36138,74923,1
36139,74924,1
36140,74925,1
36147,74932,1
36150,74935,1
36153,74938,1
36154,74939,1
36155,74940,1
36156,74941,1
36157,74942,1
36158,74943,1
36159,74944,1
36162,74947,1
36163,74948,1
36164,74949,1
36165,74950,1
36166,74951,1
36167,74952,1
36168,74953,1
36169,74954,1
36170,74955,1
36171,74956,1
36172,74957,1
36173,74958,1
36174,74959,1
36175,74960,1
36176,74961,1
36177,74962,1
36178,74963,1
36179,74964,1
36182,74967,1
36184,74969,1
36185,74970,1
36186,74971,1
36187,74972,1
36188,74973,1
36189,74974,1
36190,74975,1
36191,74976,1
36192,74977,1
36196,74979,1
36197,74980,1
36199,74982,1
36203,74986,1
36205,74988,1
36207,74990,1
36220,75003,1
36222,75005,1
36225,75008,1
36227,75010,1
36228,75011,1
36231,75014,1
36232,75015,1
36237,75020,1
36238,75021,1
36242,75025,1
36243,75026,1
36244,75027,1
36245,75028,1
36247,75030,1
36248,75031,1
36249,75032,1
36250,75033,1
36251,75034,1
36252,75035,1
36253,75036,1
36254,75037,1
36255,75038,1
36257,75040,1
36258,75041,1
36259,75042,1
36260,75043,1
36261,75044,1
36262,75045,1
36263,75046,1
36266,75049,1
36268,75051,1
36270,75053,1
36271,75054,1
36272,75055,1
36275,75058,1
36278,75061,1
36279,75062,1
36281,75064,1
36282,75065,1
36284,75067,1
36285,75068,1
36289,75072,1
36290,75073,1
36291,75074,1
36292,75075,1
36293,75076,1
36294,75077,1
36298,75081,1
36300,75083,1
36301,75084,1
36302,75085,1
36303,75086,1
36304,75087,1
36305,75088,1
36306,75089,1
36307,75090,1
36311,75094,1
36312,75095,1
36314,75097,1
36315,75098,1
36316,75099,1
36317,75100,1
36318,75101,1
36320,75103,1
36322,75105,1
36323,75106,1
36324,75107,1
36334,75115,1
36336,75117,1
36337,75118,1
36339,75120,1
36340,75121,1
36341,75122,1
36342,75123,1
36343,75124,1
36344,75125,1
36345,75126,1
36348,75129,1
36350,75131,1
36351,75132,1
36353,75134,1
36354,75135,1
36355,75136,1
36356,75137,1
36357,75138,1
36358,75139,1
36359,75140,1
36360,75141,1
36362,75143,1
36364,75145,1
36365,75146,1
36366,75147,1
36368,75149,1
36369,75150,1
36371,75152,1
36372,75153,1
36375,75156,1
36376,75157,1
36377,75158,1
36378,75159,1
36379,75160,1
36381,75162,1
36382,75163,1
36383,75164,1
36384,75165,1
36385,75166,1
36390,75171,1
36391,75172,1
36392,75173,1
36394,75175,1
36395,75176,1
36399,75180,1
36400,75181,1
36402,75183,1
36403,75184,1
36405,75186,1
36409,75190,1
36411,75192,1
36414,75195,1
36415,75196,1
36416,75197,1
36421,75202,1
36422,75203,1
36424,75205,1
36426,75207,1
36430,75209,1
36432,75211,1
36433,75212,1
36435,75214,1
36437,75216,1
36438,75217,1
36439,75218,1
36440,75219,1
36441,75220,1
36442,75221,1
36443,75222,1
36444,75223,1
36445,75224,1
36446,75225,1
36447,75226,1
36448,75227,1
36449,75228,1
36450,75229,1
36451,75230,1
36452,75231,1
36457,75236,1
36461,75240,1
36464,75243,1
36468,75245,1
36470,75247,1
36471,75248,1
36472,75249,1
36473,75250,1
36475,75252,1
36479,75256,1
36481,75258,1
36484,75261,1
36485,75262,1
36486,75263,1
36487,75264,1
36489,75266,1
36490,75267,1
36492,75269,1
36494,75271,1
36496,75273,1
36498,75275,1
36499,75276,1
36500,75277,1
36501,75278,1
36506,75283,1
36507,75284,1
36508,75285,1
36509,75286,1
36510,75287,1
36513,75290,1
36515,75292,1
36516,75293,1
36517,75294,1
36518,75295,1
36521,75298,1
36524,75301,1
36528,75305,1
36530,75307,1
36531,75308,1
36540,75317,1
36541,75318,1
36542,75319,1
36543,75320,1
36545,75322,1
36546,75323,1
36547,75324,1
36548,75325,1
36550,75327,1
36552,75329,1
36553,75330,1
36557,75334,1
36559,75336,1
36560,75337,1
36561,75338,1
36562,75339,1
36563,75340,1
36564,75341,1
36565,75342,1
36566,75343,1
36567,75344,1
36569,75346,1
36570,75347,1
36572,75349,1
36573,75350,1
36574,75351,1
36575,75352,1
36576,75353,1
36577,75354,1
36578,75355,1
36579,75356,1
36580,75357,1
36581,75358,1
36582,75359,1
36585,75362,1
36588,75365,1
36590,75367,1
36592,75369,1
36599,75376,1
36601,75378,1
36602,75379,1
36603,75380,1
36604,75381,1
36605,75382,1
36606,75383,1
36611,75388,1
36612,75389,1
36613,75390,1
36614,75391,1
36615,75392,1
36616,75393,1
36618,75395,1
36619,75396,1
36620,75397,1
36621,75398,1
36622,75399,1
36624,75401,1
36625,75402,1
36628,75405,1
36629,75406,1
36631,75408,1
36632,75409,1
36633,75410,1
36636,75413,1
36639,75416,1
36641,75418,1
36648,75425,1
36650,75427,1
36656,75433,1
36658,75435,1
36660,75437,1
36661,75438,1
36662,75439,1
36663,75440,1
36664,75441,1
36665,75442,1
36669,75446,1
36675,75452,1
36676,75453,1
36677,75454,1
36678,75455,1
36679,75456,1
36680,75457,1
36682,75459,1
36683,75460,1
36684,75461,1
36685,75462,1
36686,75463,1
36693,75470,1
36697,75474,1
36699,75476,1
36703,75480,1
36704,75481,1
36705,75482,1
36706,75483,1
36709,75486,1
36710,75487,1
36711,75488,1
36712,75489,1
36715,75492,1
36716,75493,1
36718,75495,1
36720,75497,1
36721,75498,1
36722,75499,1
36724,75501,1
36726,75503,1
36728,75505,1
36729,75506,1
36730,75507,1
36731,75508,1
36732,75509,1
36733,75510,1
36734,75511,1
36737,75514,1
36740,75517,1
36742,75519,1
36747,75524,1
36748,75525,1
36749,75526,1
36750,75527,1
36757,75534,1
36758,75535,1
36759,75536,1
36760,75537,1
36761,75538,1
36762,75539,1
36763,75540,1
36764,75541,1
36765,75542,1
36766,75543,1
36767,75544,1
36768,75545,1
36769,75546,1
36770,75547,1
36771,75548,1
36772,75549,1
36773,75550,1
36774,75551,1
36775,75552,1
36776,75553,1
36777,75554,1
36778,75555,1
36779,75556,1
36782,75559,1
36783,75560,1
36787,75562,1
36788,75563,1
36789,75564,1
36791,75566,1
36794,75569,1
36798,75573,1
36799,75574,1
36801,75576,1
36803,75578,1
36804,75579,1
36805,75580,1
36806,75581,1
36812,75587,1
36817,75592,1
36821,75596,1
36823,75598,1
36824,75599,1
36825,75600,1
36827,75602,1
36828,75603,1
36829,75604,1
36830,75605,1
36831,75606,1
36834,75609,1
36838,75611,1
36839,75612,1
36840,75613,1
36841,75614,1
36842,75615,1
36844,75617,1
36848,75619,1
36850,75621,1
36852,75623,1
36853,75624,1
36854,75625,1
36860,75631,1
36861,75632,1
36862,75633,1
36864,75635,1
36866,75637,1
36867,75638,1
36868,75639,1
36869,75640,1
36870,75641,1
36872,75643,1
36874,75645,1
36876,75647,1
36880,75651,1
36881,75652,1
36882,75653,1
36884,75655,1
36885,75656,1
36886,75657,1
36888,75659,1
36890,75661,1
36891,75662,1
36892,75663,1
36893,75664,1
36894,75665,1
36895,75666,1
36898,75669,1
36900,75671,1
36901,75672,1
36902,75673,1
36903,75674,1
36904,75675,1
36905,75676,1
36906,75677,1
36907,75678,1
36910,75681,1
36911,75682,1
36912,75683,1
36913,75684,1
36915,75686,1
36916,75687,1
36919,75690,1
36920,75691,1
36922,75693,1
36924,75695,1
36927,75698,1
36928,75699,1
36930,75701,1
36931,75702,1
36932,75703,1
36934,75705,1
36936,75707,1
36938,75709,1
36944,75715,1
36945,75716,1
36946,75717,1
36947,75718,1
36949,75720,1
36950,75721,1
36951,75722,1
36952,75723,1
36953,75724,1
36954,75725,1
36955,75726,1
36956,75727,1
36957,75728,1
36958,75729,1
36959,75730,1
36960,75731,1
36961,75732,1
36962,75733,1
36963,75734,1
36964,75735,1
36967,75738,1
36968,75739,1
36970,75741,1
36971,75742,1
36972,75743,1
36973,75744,1
36974,75745,1
36975,75746,1
36978,75749,1
36980,75751,1
36982,75753,1
36983,75754,1
36984,75755,1
36985,75756,1
36986,75757,1
36987,75758,1
36988,75759,1
36989,75760,1
36990,75761,1
36993,75764,1
36995,75766,1
36998,75769,1
37000,75771,1
37001,75772,1
37002,75773,1
37003,75774,1
37004,75775,1
37005,75776,1
37008,75777,1
37010,75779,1
37011,75780,1
37012,75781,1
37013,75782,1
37014,75783,1
37015,75784,1
37016,75785,1
37017,75786,1
37018,75787,1
37019,75788,1
37020,75789,1
37021,75790,1
37022,75791,1
37026,75795,1
37031,75800,1
37032,75801,1
37033,75802,1
37034,75803,1
37035,75804,1
37036,75805,1
37037,75806,1
37038,75807,1
37042,75811,1
37043,75812,1
37044,75813,1
37045,75814,1
37046,75815,1
37047,75816,1
37048,75817,1
37049,75818,1
37050,75819,1
37052,75821,1
37053,75822,1
37055,75824,1
37057,75826,1
37058,75827,1
37059,75828,1
37060,75829,1
37061,75830,1
37062,75831,1
37063,75832,1
37065,75834,1
37066,75835,1
37067,75836,1
37069,75838,1
37070,75839,1
37071,75840,1
37072,75841,1
37073,75842,1
37076,75845,1
37077,75846,1
37078,75847,1
37079,75848,1
37080,75849,1
37081,75850,1
37082,75851,1
37083,75852,1
37084,75853,1
37085,75854,1
37086,75855,1
37087,75856,1
37088,75857,1
37089,75858,1
37090,75859,1
37093,75862,1
37094,75863,1
37095,75864,1
37096,75865,1
37098,75867,1
37103,75872,1
37104,75873,1
37105,75874,1
37107,75876,1
37108,75877,1
37109,75878,1
37110,75879,1
37111,75880,1
37113,75882,1
37115,75884,1
37117,75886,1
37118,75887,1
37119,75888,1
37120,75889,1
37124,75893,1
37125,75894,1
37127,75896,1
37128,75897,1
37129,75898,1
37131,75900,1
37132,75901,1
37133,75902,1
37134,75903,1
37136,75905,1
37137,75906,1
37138,75907,1
37139,75908,1
37140,75909,1
37142,75911,1
37143,75912,1
37144,75913,1
37145,75914,1
37147,75916,1
37148,75917,1
37149,75918,1
37150,75919,1
37152,75921,1
37153,75922,1
37154,75923,1
37156,75925,1
37157,75926,1
37158,75927,1
37160,75929,1
37162,75931,1
37163,75932,1
37164,75933,1
37165,75934,1
37166,75935,1
37168,75937,1
37169,75938,1
37170,75939,1
37172,75941,1
37174,75943,1
37175,75944,1
37176,75945,1
37178,75947,1
37179,75948,1
37180,75949,1
37181,75950,1
37182,75951,1
37183,75952,1
37185,75954,1
37187,75956,1
37188,75957,1
37189,75958,1
37190,75959,1
37191,75960,1
37192,75961,1
37193,75962,1
37194,75963,1
37196,75965,1
37197,75966,1
37198,75967,1
37199,75968,1
37200,75969,1
37202,75971,1
37203,75972,1
37204,75973,1
37205,75974,1
37207,75976,1
37208,75977,1
37209,75978,1
37210,75979,1
37212,75981,1
37213,75982,1
37214,75983,1
37215,75984,1
37217,75986,1
37219,75988,1
37221,75990,1
37222,75991,1
37228,75997,1
37229,75998,1
37230,75999,1
37232,76001,1
37233,76002,1
37234,76003,1
37235,76004,1
37236,76005,1
37237,76006,1
37238,76007,1
37241,76010,1
37245,76014,1
37246,76015,1
37247,76016,1
37248,76017,1
37249,76018,1
37251,76020,1
37252,76021,1
37254,76023,1
37255,76024,1
37260,76027,1
37261,76028,1
37263,76030,1
37264,76031,1
37265,76032,1
37276,76043,1
37278,76045,1
37280,76047,1
37282,76049,1
37283,76050,1
37285,76052,1
37286,76053,1
37288,76055,1
37290,76057,1
37291,76058,1
37293,76060,1
37294,76061,1
37296,76063,1
37298,76065,1
37304,76071,1
37305,76072,1
37307,76074,1
37308,76075,1
37309,76076,1
37310,76077,1
37312,76079,1
37316,76081,1
37318,76083,1
37323,76088,1
37324,76089,1
37325,76090,1
37326,76091,1
37327,76092,1
37328,76093,1
37329,76094,1
37334,76097,1
37335,76098,1
37336,76099,1
37337,76100,1
37339,76102,1
37340,76103,1
37341,76104,1
37342,76105,1
37344,76107,1
37346,76109,1
37348,76111,1
37349,76112,1
37350,76113,1
37352,76115,1
37353,76116,1
37355,76118,1
37357,76120,1
37358,76121,1
37359,76122,1
37363,76126,1
37364,76127,1
37365,76128,1
37370,76133,1
37374,76137,1
37375,76138,1
37376,76139,1
37377,76140,1
37378,76141,1
37379,76142,1
37380,76143,1
37381,76144,1
37382,76145,1
37385,76148,1
37386,76149,1
37387,76150,1
37388,76151,1
37391,76152,1
37392,76153,1
37393,76154,1
37394,76155,1
37395,76156,1
37396,76157,1
37397,76158,1
37398,76159,1
37399,76160,1
37400,76161,1
37401,76162,1
37402,76163,1
37403,76164,1
37405,76166,1
37407,76168,1
37409,76170,1
37410,76171,1
37414,76175,1
37416,76177,1
37418,76179,1
37419,76180,1
37420,76181,1
37421,76182,1
37422,76183,1
37423,76184,1
37424,76185,1
37426,76187,1
37427,76188,1
37428,76189,1
37429,76190,1
37430,76191,1
37432,76193,1
37433,76194,1
37434,76195,1
37435,76196,1
37436,76197,1
37438,76199,1
37440,76201,1
37441,76202,1
37442,76203,1
37443,76204,1
37444,76205,1
37445,76206,1
37446,76207,1
37447,76208,1
37448,76209,1
37449,76210,1
37450,76211,1
37451,76212,1
37452,76213,1
37454,76215,1
37456,76217,1
37458,76219,1
37459,76220,1
37460,76221,1
37461,76222,1
37462,76223,1
37463,76224,1
37467,76228,1
37479,76240,1
37480,76241,1
37481,76242,1
37482,76243,1
37483,76244,1
37484,76245,1
37485,76246,1
37486,76247,1
37487,76248,1
37488,76249,1
37489,76250,1
37490,76251,1
37492,76253,1
37494,76255,1
37495,76256,1
37497,76258,1
37498,76259,1
37499,76260,1
37500,76261,1
37503,76264,1
37506,76267,1
37507,76268,1
37508,76269,1
37509,76270,1
37510,76271,1
37512,76273,1
37515,76276,1
37517,76278,1
37518,76279,1
37519,76280,1
37523,76284,1
37524,76285,1
37526,76287,1
37528,76289,1
37535,76296,1
37536,76297,1
37538,76299,1
37539,76300,1
37540,76301,1
37541,76302,1
37542,76303,1
37543,76304,1
37544,76305,1
37545,76306,1
37547,76308,1
37548,76309,1
37549,76310,1
37550,76311,1
37551,76312,1
37552,76313,1
37553,76314,1
37555,76316,1
37556,76317,1
37558,76319,1
37559,76320,1
37564,76325,1
37567,76328,1
37569,76330,1
37571,76332,1
37572,76333,1
37573,76334,1
37574,76335,1
37575,76336,1
37577,76338,1
37578,76339,1
37579,76340,1
37580,76341,1
37587,76347,1
37588,76348,1
37589,76349,1
37590,76350,1
37591,76351,1
37592,76352,1
37593,76353,1
37594,76354,1
37595,76355,1
37596,76356,1
37597,76357,1
37598,76358,1
37599,76359,1
37600,76360,1
37601,76361,1
37604,76364,1
37605,76365,1
37607,76367,1
37608,76368,1
37609,76369,1
37610,76370,1
37612,76372,1
37613,76373,1
37614,76374,1
37616,76376,1
37617,76377,1
37618,76378,1
37621,76381,1
37622,76382,1
37623,76383,1
37624,76384,1
37630,76390,1
37635,76395,1
37637,76397,1
37644,76404,1
37647,76407,1
37648,76408,1
37650,76410,1
37651,76411,1
37653,76413,1
37655,76415,1
37656,76416,1
37657,76417,1
37658,76418,1
37659,76419,1
37661,76421,1
37663,76423,1
37664,76424,1
37665,76425,1
37666,76426,1
37668,76428,1
37670,76430,1
37672,76432,1
37673,76433,1
37674,76434,1
37675,76435,1
37676,76436,1
37677,76437,1
37679,76439,1
37681,76441,1
37682,76442,1
37683,76443,1
37684,76444,1
37685,76445,1
37686,76446,1
37689,76449,1
37691,76451,1
37693,76453,1
37694,76454,1
37695,76455,1
37696,76456,1
37697,76457,1
37698,76458,1
37700,76460,1
37701,76461,1
37702,76462,1
37703,76463,1
37704,76464,1
37705,76465,1
37707,76467,1
37708,76468,1
37709,76469,1
37711,76471,1
37712,76472,1
37713,76473,1
37714,76474,1
37715,76475,1
37716,76476,1
37718,76478,1
37720,76480,1
37721,76481,1
37722,76482,1
37723,76483,1
37724,76484,1
37725,76485,1
37726,76486,1
37727,76487,1
37728,76488,1
37729,76489,1
37730,76490,1
37731,76491,1
37732,76492,1
37733,76493,1
37735,76495,1
37742,76502,1
37743,76503,1
37745,76505,1
37746,76506,1
37747,76507,1
37748,76508,1
37749,76509,1
37751,76511,1
37752,76512,1
37753,76513,1
37755,76515,1
37758,76516,1
37759,76517,1
37760,76518,1
37761,76519,1
37765,76521,1
37767,76523,1
37769,76525,1
37770,76526,1
37771,76527,1
37772,76528,1
37773,76529,1
37774,76530,1
37775,76531,1
37776,76532,1
37777,76533,1
37778,76534,1
37779,76535,1
37780,76536,1
37781,76537,1
37782,76538,1
37785,76541,1
37786,76542,1
37792,76548,1
37793,76549,1
37795,76551,1
37796,76552,1
37797,76553,1
37798,76554,1
37799,76555,1
37800,76556,1
37804,76560,1
37817,76573,1
37819,76575,1
37820,76576,1
37821,76577,1
37822,76578,1
37823,76579,1
37824,76580,1
37825,76581,1
37826,76582,1
37827,76583,1
37828,76584,1
37829,76585,1
37830,76586,1
37831,76587,1
37832,76588,1
37834,76590,1
37839,76595,1
37840,76596,1
37841,76597,1
37842,76598,1
37843,76599,1
37844,76600,1
37845,76601,1
37846,76602,1
37847,76603,1
37848,76604,1
37849,76605,1
37850,76606,1
37851,76607,1
37852,76608,1
37854,76610,1
37859,76615,1
37860,76616,1
37861,76617,1
37862,76618,1
37863,76619,1
37864,76620,1
37865,76621,1
37866,76622,1
37867,76623,1
37868,76624,1
37869,76625,1
37871,76627,1
37872,76628,1
37875,76629,1
37877,76631,1
37878,76632,1
37879,76633,1
37880,76634,1
37881,76635,1
37882,76636,1
37883,76637,1
37884,76638,1
37888,76642,1
37891,76645,1
37893,76647,1
37894,76648,1
37895,76649,1
37896,76650,1
37898,76652,1
37899,76653,1
37900,76654,1
37901,76655,1
37902,76656,1
37903,76657,1
37904,76658,1
37906,76660,1
37908,76662,1
37911,76665,1
37913,76667,1
37914,76668,1
37915,76669,1
37916,76670,1
37917,76671,1
37919,76673,1
37921,76675,1
37922,76676,1
37923,76677,1
37924,76678,1
37925,76679,1
37926,76680,1
37927,76681,1
37928,76682,1
37929,76683,1
37930,76684,1
37931,76685,1
37932,76686,1
37933,76687,1
37934,76688,1
37935,76689,1
37937,76691,1
37939,76693,1
37942,76696,1
37944,76698,1
37945,76699,1
37946,76700,1
37947,76701,1
37948,76702,1
37949,76703,1
37950,76704,1
37951,76705,1
37952,76706,1
37953,76707,1
37954,76708,1
37956,76710,1
37958,76712,1
37961,76715,1
37963,76717,1
37964,76718,1
37965,76719,1
37966,76720,1
37967,76721,1
37968,76722,1
37970,76724,1
37971,76725,1
37972,76726,1
37973,76727,1
37974,76728,1
37975,76729,1
37976,76730,1
37977,76731,1
37978,76732,1
37979,76733,1
37980,76734,1
37981,76735,1
37982,76736,1
37983,76737,1
37984,76738,1
37985,76739,1
37986,76740,1
37987,76741,1
37988,76742,1
37989,76743,1
37990,76744,1
37991,76745,1
37994,76748,1
37995,76749,1
37996,76750,1
37997,76751,1
37998,76752,1
37999,76753,1
38000,76754,1
38001,76755,1
38002,76756,1
38003,76757,1
38004,76758,1
38005,76759,1
38006,76760,1
38007,76761,1
38008,76762,1
38009,76763,1
38010,76764,1
38011,76765,1
38012,76766,1
38013,76767,1
38014,76768,1
38015,76769,1
38016,76770,1
38017,76771,1
38018,76772,1
38019,76773,1
38020,76774,1
38021,76775,1
38022,76776,1
38023,76777,1
38024,76778,1
38025,76779,1
38026,76780,1
38027,76781,1
38028,76782,1
38029,76783,1
38030,76784,1
38031,76785,1
38032,76786,1
38033,76787,1
38034,76788,1
38035,76789,1
38036,76790,1
38037,76791,1
38038,76792,1
38039,76793,1
38040,76794,1
38041,76795,1
38042,76796,1
38043,76797,1
38044,76798,1
38045,76799,1
38046,76800,1
38047,76801,1
38048,76802,1
38049,76803,1
38050,76804,1
38051,76805,1
38052,76806,1
38053,76807,1
38054,76808,1
38055,76809,1
38056,76810,1
38057,76811,1
38058,76812,1
38059,76813,1
38060,76814,1
38061,76815,1
38062,76816,1
38063,76817,1
38065,76819,1
38066,76820,1
38067,76821,1
38069,76823,1
38070,76824,1
38071,76825,1
38072,76826,1
38073,76827,1
38074,76828,1
38075,76829,1
38076,76830,1
38077,76831,1
38078,76832,1
38079,76833,1
38080,76834,1
38081,76835,1
38082,76836,1
38083,76837,1
38084,76838,1
38085,76839,1
38086,76840,1
38087,76841,1
38088,76842,1
38089,76843,1
38090,76844,1
38091,76845,1
38092,76846,1
38093,76847,1
38094,76848,1
38095,76849,1
38096,76850,1
38097,76851,1
38098,76852,1
38099,76853,1
38100,76854,1
38101,76855,1
38102,76856,1
38103,76857,1
38104,76858,1
38105,76859,1
38106,76860,1
38107,76861,1
38108,76862,1
38109,76863,1
38110,76864,1
38111,76865,1
38112,76866,1
38113,76867,1
38114,76868,1
38115,76869,1
38116,76870,1
38117,76871,1
38118,76872,1
38119,76873,1
38120,76874,1
38121,76875,1
38122,76876,1
38124,76878,1
38125,76879,1
38126,76880,1
38127,76881,1
38128,76882,1
38129,76883,1
38130,76884,1
38131,76885,1
38132,76886,1
38133,76887,1
38134,76888,1
38135,76889,1
38136,76890,1
38137,76891,1
38138,76892,1
38139,76893,1
38140,76894,1
38141,76895,1
38143,76897,1
38144,76898,1
38145,76899,1
38146,76900,1
38147,76901,1
38148,76902,1
38149,76903,1
38150,76904,1
38151,76905,1
38152,76906,1
38153,76907,1
38154,76908,1
38155,76909,1
38156,76910,1
38157,76911,1
38158,76912,1
38159,76913,1
38160,76914,1
38161,76915,1
38162,76916,1
38163,76917,1
38164,76918,1
38165,76919,1
38166,76920,1
38167,76921,1
38168,76922,1
38169,76923,1
38170,76924,1
38171,76925,1
38172,76926,1
38173,76927,1
38174,76928,1
38175,76929,1
38176,76930,1
38177,76931,1
38178,76932,1
38179,76933,1
38180,76934,1
38181,76935,1
38182,76936,1
38183,76937,1
38184,76938,1
38185,76939,1
38186,76940,1
38187,76941,1
38188,76942,1
38189,76943,1
38190,76944,1
38191,76945,1
38192,76946,1
38193,76947,1
38194,76948,1
38195,76949,1
38196,76950,1
38197,76951,1
38198,76952,1
38199,76953,1
38200,76954,1
38201,76955,1
38202,76956,1
38203,76957,1
38204,76958,1
38205,76959,1
38206,76960,1
38207,76961,1
38208,76962,1
38209,76963,1
38210,76964,1
38211,76965,1
38212,76966,1
38213,76967,1
38214,76968,1
38215,76969,1
38216,76970,1
38217,76971,1
38218,76972,1
38219,76973,1
38220,76974,1
38221,76975,1
38222,76976,1
38223,76977,1
38224,76978,1
38225,76979,1
38226,76980,1
38227,76981,1
38228,76982,1
38229,76983,1
38230,76984,1
38231,76985,1
38232,76986,1
38233,76987,1
38234,76988,1
38235,76989,1
38236,76990,1
38237,76991,1
38238,76992,1
38239,76993,1
38240,76994,1
38241,76995,1
38243,76997,1
38244,76998,1
38246,77000,1
38247,77001,1
38248,77002,1
38249,77003,1
38250,77004,1
38251,77005,1
38252,77006,1
38253,77007,1
38254,77008,1
38255,77009,1
38256,77010,1
38257,77011,1
38258,77012,1
38259,77013,1
38260,77014,1
38261,77015,1
38262,77016,1
38263,77017,1
38264,77018,1
38265,77019,1
38266,77020,1
38267,77021,1
38268,77022,1
38269,77023,1
38271,77025,1
38274,77028,1
38277,77031,1
38278,77032,1
38279,77033,1
38280,77034,1
38281,77035,1
38282,77036,1
38283,77037,1
38285,77039,1
38288,77042,1
38290,77044,1
38291,77045,1
38292,77046,1
38293,77047,1
38294,77048,1
38295,77049,1
38296,77050,1
38297,77051,1
38299,77053,1
38300,77054,1
38301,77055,1
38302,77056,1
38303,77057,1
38304,77058,1
38305,77059,1
38306,77060,1
38307,77061,1
38308,77062,1
38309,77063,1
38312,77066,1
38313,77067,1
38316,77070,1
38320,77074,1
38321,77075,1
38324,77078,1
38325,77079,1
38326,77080,1
38330,77084,1
38332,77086,1
38334,77088,1
38336,77090,1
38337,77091,1
38338,77092,1
38339,77093,1
38340,77094,1
38342,77096,1
38343,77097,1
38345,77099,1
38349,77103,1
38350,77104,1
38352,77106,1
38356,77110,1
38357,77111,1
38358,77112,1
38361,77115,1
38362,77116,1
38363,77117,1
38364,77118,1
38365,77119,1
38366,77120,1
38367,77121,1
38368,77122,1
38369,77123,1
38370,77124,1
38371,77125,1
38372,77126,1
38373,77127,1
38374,77128,1
38378,77130,1
38379,77131,1
38380,77132,1
38381,77133,1
38383,77135,1
38385,77137,1
38386,77138,1
38387,77139,1
38388,77140,1
38389,77141,1
38390,77142,1
38391,77143,1
38392,77144,1
38393,77145,1
38394,77146,1
38395,77147,1
38396,77148,1
38401,77151,1
38403,77153,1
38404,77154,1
38405,77155,1
38408,77158,1
38411,77161,1
38412,77162,1
38418,77168,1
38422,77172,1
38425,77173,1
38428,77176,1
38429,77177,1
38430,77178,1
38431,77179,1
38432,77180,1
38433,77181,1
38434,77182,1
38435,77183,1
38436,77184,1
38437,77185,1
38438,77186,1
38439,77187,1
38440,77188,1
38441,77189,1
38442,77190,1
38446,77192,1
38447,77193,1
38448,77194,1
38449,77195,1
38450,77196,1
38451,77197,1
38453,77199,1
38454,77200,1
38455,77201,1
38458,77204,1
38460,77206,1
38461,77207,1
38462,77208,1
38463,77209,1
38464,77210,1
38466,77212,1
38467,77213,1
38468,77214,1
38470,77216,1
38471,77217,1
38472,77218,1
38473,77219,1
38474,77220,1
38475,77221,1
38477,77223,1
38478,77224,1
38479,77225,1
38480,77226,1
38481,77227,1
38482,77228,1
38483,77229,1
38484,77230,1
38485,77231,1
38486,77232,1
38487,77233,1
38488,77234,1
38490,77236,1
38491,77237,1
38493,77239,1
38494,77240,1
38496,77242,1
38499,77245,1
38500,77246,1
38502,77248,1
38506,77252,1
38508,77254,1
38516,77262,1
38519,77265,1
38520,77266,1
38521,77267,1
38522,77268,1
38523,77269,1
38524,77270,1
38525,77271,1
38526,77272,1
38527,77273,1
38528,77274,1
38529,77275,1
38530,77276,1
38531,77277,1
38532,77278,1
38534,77280,1
38535,77281,1
38537,77283,1
38538,77284,1
38540,77286,1
38541,77287,1
38542,77288,1
38543,77289,1
38544,77290,1
38545,77291,1
38553,77299,1
38556,77302,1
38557,77303,1
38561,77307,1
38563,77309,1
38564,77310,1
38566,77312,1
38571,77317,1
38572,77318,1
38573,77319,1
38583,77329,1
38585,77331,1
38586,77332,1
38591,77337,1
38593,77339,1
38595,77341,1
38596,77342,1
38599,77345,1
38601,77347,1
38604,77350,1
38605,77351,1
38606,77352,1
38608,77354,1
38613,77359,1
38619,77365,1
38621,77367,1
38622,77368,1
38625,77371,1
38626,77372,1
38627,77373,1
38628,77374,1
38630,77376,1
38631,77377,1
38632,77378,1
38633,77379,1
38634,77380,1
38635,77381,1
38636,77382,1
38637,77383,1
38638,77384,1
38640,77386,1
38641,77387,1
38642,77388,1
38643,77389,1
38644,77390,1
38645,77391,1
38646,77392,1
38647,77393,1
38648,77394,1
38649,77395,1
38650,77396,1
38651,77397,1
38652,77398,1
38653,77399,1
38654,77400,1
38657,77403,1
38659,77405,1
38660,77406,1
38661,77407,1
38663,77409,1
38665,77411,1
38666,77412,1
38667,77413,1
38668,77414,1
38669,77415,1
38670,77416,1
38671,77417,1
38674,77418,1
38675,77419,1
38678,77422,1
38679,77423,1
38680,77424,1
38681,77425,1
38682,77426,1
38683,77427,1
38684,77428,1
38685,77429,1
38686,77430,1
38687,77431,1
38694,77438,1
38695,77439,1
38696,77440,1
38702,77446,1
38708,77452,1
38714,77458,1
38716,77460,1
38721,77465,1
38726,77470,1
38727,77471,1
38728,77472,1
38731,77475,1
38732,77476,1
38735,77479,1
38737,77481,1
38738,77482,1
38741,77485,1
38742,77486,1
38744,77488,1
38745,77489,1
38746,77490,1
38747,77491,1
38748,77492,1
38749,77493,1
38750,77494,1
38751,77495,1
38752,77496,1
38753,77497,1
38754,77498,1
38756,77500,1
38758,77502,1
38759,77503,1
38760,77504,1
38762,77506,1
38763,77507,1
38764,77508,1
38765,77509,1
38766,77510,1
38767,77511,1
38768,77512,1
38769,77513,1
38770,77514,1
38771,77515,1
38772,77516,1
38773,77517,1
38774,77518,1
38775,77519,1
38776,77520,1
38777,77521,1
38778,77522,1
38779,77523,1
38780,77524,1
38781,77525,1
38782,77526,1
38783,77527,1
38784,77528,1
38785,77529,1
38786,77530,1
38787,77531,1
38788,77532,1
38789,77533,1
38790,77534,1
38791,77535,1
38792,77536,1
38793,77537,1
38794,77538,1
38795,77539,1
38796,77540,1
38797,77541,1
38798,77542,1
38799,77543,1
38800,77544,1
38805,77547,1
38806,77548,1
38808,77550,1
38809,77551,1
38810,77552,1
38811,77553,1
38812,77554,1
38820,77562,1
38821,77563,1
38823,77565,1
38832,77574,1
38833,77575,1
38869,77578,1
38898,77580,1
38899,77581,1
38904,77586,1
38916,77587,1
38917,77588,1
38918,77589,1
38919,77590,1
38920,77591,1
38921,77592,1
38922,77593,1
38927,77598,1
38928,77599,1
38929,77600,1
38930,77601,1
38931,77602,1
38932,77603,1
38933,77604,1
38934,77605,1
38935,77606,1
38936,77607,1
38937,77608,1
38938,77609,1
38939,77610,1
38940,77611,1
38941,77612,1
38942,77613,1
38943,77614,1
38944,77615,1
38945,77616,1
38946,77617,1
38947,77618,1
38948,77619,1
38950,77621,1
38952,77623,1
38954,77625,1
38955,77626,1
38957,77628,1
38958,77629,1
38960,77631,1
38961,77632,1
38963,77634,1
38964,77635,1
38966,77637,1
38970,77641,1
38979,77648,1
38983,77649,1
38994,77651,1
39003,77654,1
39004,77655,1
39005,77656,1
39006,77657,1
39007,77658,1
39008,77659,1
39009,77660,1
39010,77661,1
39011,77662,1
39016,77664,1
39017,77665,1
39019,77667,1
39027,77675,1
39029,77677,1
39033,77681,1
39034,77682,1
39035,77683,1
39036,77684,1
39038,77686,1
39039,77687,1
39041,77689,1
39042,77690,1
39044,77692,1
39045,77693,1
39047,77695,1
39048,77696,1
39049,77697,1
39050,77698,1
39051,77699,1
39052,77700,1
39053,77701,1
39054,77702,1
39056,77704,1
39058,77706,1
39062,77710,1
39063,77711,1
39067,77715,1
39068,77716,1
39070,77718,1
39072,77720,1
39073,77721,1
39075,77723,1
39077,77725,1
39081,77729,1
39083,77731,1
39084,77732,1
39085,77733,1
39086,77734,1
39087,77735,1
39088,77736,1
39089,77737,1
39090,77738,1
39091,77739,1
39092,77740,1
39093,77741,1
39095,77743,1
39096,77744,1
39097,77745,1
39098,77746,1
39100,77748,1
39104,77752,1
39106,77754,1
39107,77755,1
39108,77756,1
39110,77758,1
39111,77759,1
39112,77760,1
39113,77761,1
39114,77762,1
39116,77764,1
39117,77765,1
39119,77767,1
39120,77768,1
39121,77769,1
39122,77770,1
39124,77772,1
39125,77773,1
39127,77775,1
39128,77776,1
39129,77777,1
39131,77779,1
39132,77780,1
39134,77782,1
39135,77783,1
39136,77784,1
39137,77785,1
39138,77786,1
39139,77787,1
39140,77788,1
39141,77789,1
39142,77790,1
39143,77791,1
39149,77797,1
39150,77798,1
39152,77800,1
39153,77801,1
39154,77802,1
39155,77803,1
39156,77804,1
39158,77806,1
39160,77808,1
39161,77809,1
39163,77811,1
39165,77813,1
39167,77815,1
39168,77816,1
39169,77817,1
39171,77819,1
39173,77821,1
39174,77822,1
39177,77829,1
39179,77831,1
39182,77834,1
39183,77835,1
39184,77836,1
39185,77837,1
39186,77838,1
39187,77839,1
39189,77841,1
39190,77842,1
39191,77843,1
39192,77844,1
39193,77845,1
39194,77846,1
39195,77847,1
39196,77848,1
39197,77849,1
39198,77850,1
39200,77852,1
39202,77854,1
39203,77855,1
39206,77858,1
39207,77859,1
39208,77860,1
39210,77862,1
39213,77865,1
39214,77866,1
39215,77867,1
39217,77869,1
39218,77870,1
39219,77871,1
39220,77872,1
39221,77873,1
39225,77877,1
39226,77878,1
39227,77879,1
39228,77880,1
39230,77882,1
39231,77883,1
39232,77884,1
39233,77885,1
39234,77886,1
39238,77890,1
39239,77891,1
39240,77892,1
39241,77893,1
39242,77894,1
39243,77895,1
39244,77896,1
39245,77897,1
39246,77898,1
39248,77900,1
39249,77901,1
39251,77903,1
39252,77904,1
39254,77906,1
39256,77908,1
39257,77909,1
39258,77910,1
39259,77911,1
39260,77912,1
39261,77913,1
39262,77914,1
39267,77919,1
39268,77920,1
39271,77923,1
39272,77924,1
39273,77925,1
39274,77926,1
39277,77928,1
39279,77930,1
39281,77932,1
39283,77934,1
39284,77935,1
39285,77936,1
39287,77938,1
39288,77939,1
39289,77940,1
39293,77943,1
39294,77944,1
39295,77945,1
39297,77947,1
39298,77948,1
39299,77949,1
39300,77950,1
39305,77955,1
39306,77956,1
39307,77957,1
39308,77958,1
39309,77959,1
39310,77960,1
39311,77961,1
39312,77962,1
39313,77963,1
39314,77964,1
39315,77965,1
39316,77966,1
39319,77968,1
39320,77969,1
39324,77973,1
39326,77975,1
39332,77981,1
39333,77982,1
39334,77983,1
39335,77984,1
39336,77985,1
39337,77986,1
39338,77987,1
39339,77988,1
39340,77989,1
39342,77991,1
39346,77995,1
39347,77996,1
39348,77997,1
39349,77998,1
39350,77999,1
39351,78000,1
39352,78001,1
39353,78002,1
39354,78003,1
39355,78004,1
39356,78005,1
39357,78006,1
39359,78008,1
39360,78009,1
39362,78011,1
39363,78012,1
39365,78014,1
39366,78015,1
39367,78016,1
39368,78017,1
39370,78019,1
39371,78020,1
39373,78022,1
39374,78023,1
39375,78024,1
39378,78027,1
39380,78029,1
39382,78031,1
39383,78032,1
39384,78033,1
39387,78036,1
39388,78037,1
39389,78038,1
39390,78039,1
39391,78040,1
39392,78041,1
39393,78042,1
39394,78043,1
39395,78044,1
39397,78046,1
39398,78047,1
39400,78049,1
39401,78050,1
39402,78051,1
39403,78052,1
39405,78054,1
39406,78055,1
39407,78056,1
39408,78057,1
39409,78058,1
39410,78059,1
39411,78060,1
39412,78061,1
39413,78062,1
39414,78063,1
39415,78064,1
39417,78066,1
39419,78068,1
39422,78071,1
39423,78072,1
39424,78073,1
39425,78074,1
39426,78075,1
39427,78076,1
39428,78077,1
39435,78084,1
39436,78085,1
39438,78087,1
39439,78088,1
39441,78090,1
39442,78091,1
39444,78093,1
39446,78095,1
39455,78104,1
39456,78105,1
39460,78109,1
39462,78111,1
39467,78116,1
39468,78117,1
39469,78118,1
39470,78119,1
39473,78122,1
39478,78127,1
39479,78128,1
39480,78129,1
39481,78130,1
39482,78131,1
39483,78132,1
39484,78133,1
39485,78134,1
39487,78136,1
39489,78138,1
39490,78139,1
39491,78140,1
39493,78142,1
39494,78143,1
39496,78145,1
39497,78146,1
39498,78147,1
39499,78148,1
39500,78149,1
39501,78150,1
39502,78151,1
39503,78152,1
39504,78153,1
39505,78154,1
39506,78155,1
39507,78156,1
39508,78157,1
39509,78158,1
39510,78159,1
39511,78160,1
39512,78161,1
39514,78163,1
39515,78164,1
39516,78165,1
39517,78166,1
39519,78168,1
39521,78170,1
39522,78171,1
39523,78172,1
39525,78174,1
39526,78175,1
39527,78176,1
39528,78177,1
39529,78178,1
39530,78179,1
39531,78180,1
39532,78181,1
39533,78182,1
39534,78183,1
39535,78184,1
39536,78185,1
39537,78186,1
39538,78187,1
39539,78188,1
39540,78189,1
39541,78190,1
39545,78194,1
39546,78195,1
39547,78196,1
39548,78197,1
39549,78198,1
39551,78200,1
39557,78206,1
39558,78207,1
39559,78208,1
39560,78209,1
39561,78210,1
39562,78211,1
39563,78212,1
39564,78213,1
39566,78215,1
39568,78217,1
39569,78218,1
39571,78220,1
39573,78222,1
39574,78223,1
39575,78224,1
39576,78225,1
39577,78226,1
39578,78227,1
39579,78228,1
39584,78230,1
39586,78231,1
39587,78232,1
39588,78233,1
39590,78235,1
39592,78237,1
39593,78238,1
39594,78239,1
39595,78240,1
39596,78241,1
39597,78242,1
39600,78244,1
39603,78246,1
39604,78247,1
39605,78248,1
39606,78249,1
39608,78251,1
39610,78253,1
39612,78255,1
39614,78257,1
39615,78258,1
39616,78259,1
39617,78260,1
39618,78261,1
39619,78262,1
39621,78264,1
39622,78265,1
39623,78266,1
39624,78267,1
39625,78268,1
39626,78269,1
39627,78270,1
39629,78272,1
39631,78274,1
39633,78276,1
39635,78278,1
39638,78281,1
39639,78282,1
39643,78286,1
39644,78287,1
39649,78292,1
39650,78293,1
39651,78294,1
39652,78295,1
39664,78307,1
39671,78311,1
39672,78312,1
39673,78313,1
39674,78314,1
39675,78315,1
39680,78320,1
39682,78322,1
39683,78323,1
39684,78324,1
39685,78325,1
39686,78326,1
39687,78327,1
39688,78328,1
39689,78329,1
39690,78330,1
39691,78331,1
39692,78332,1
39693,78333,1
39694,78334,1
39695,78335,1
39696,78336,1
39697,78337,1
39701,78339,1
39702,78340,1
39703,78341,1
39704,78342,1
39709,78347,1
39710,78348,1
39712,78350,1
39732,78364,1
39752,78366,1
39753,78367,1
39785,78369,1
39798,78370,1
39799,78371,1
39800,78372,1
39817,78374,1
39821,78378,1
39823,78380,1
39825,78382,1
39829,78384,1
39831,78386,1
39835,78390,1
39837,78392,1
39839,78394,1
39840,78395,1
39841,78396,1
39842,78397,1
39843,78398,1
39844,78399,1
39845,78400,1
39846,78401,1
39847,78402,1
39848,78403,1
39850,78405,1
39851,78406,1
39852,78407,1
39853,78408,1
39854,78409,1
39857,78412,1
39858,78413,1
39859,78415,1
39862,78418,1
39863,78419,1
39865,78421,1
39873,78428,1
39876,78431,1
39877,78432,1
39878,78433,1
39879,78434,1
39880,78435,1
39884,78437,1
39885,78438,1
39886,78439,1
39887,78440,1
39889,78442,1
39890,78443,1
39891,78444,1
39892,78445,1
39894,78447,1
39896,78449,1
39898,78451,1
39899,78452,1
39900,78453,1
39902,78455,1
39908,78461,1
39910,78462,1
39913,78465,1
39916,78467,1
39919,78470,1
39920,78471,1
39921,78472,1
39922,78473,1
39924,78475,1
39925,78476,1
39927,78478,1
39929,78480,1
39932,78481,1
39933,78482,1
39934,78483,1
39935,78484,1
39939,78486,1
